"Team","Date","Game_ID","Season","Opponent","Is_Home","TOI","GF%","SF%","FF%","CF%","xGF%","GF","GA","SF","SA","FF","FA","CF","CA","xGF","xGA","G±","S±","F±","C±","xG±"
"BOS","2019-10-03","2019020010","20192020","DAL","0",6.8,100,60,77.78,78.57,88.14,1,0,3,2,7,2,11,3,0.51,0.07,1,1,5,8,0.44
"BOS","2019-10-05","2019020027","20192020","ARI","0",2.13,0,60,60,66.67,60.61,0,0,3,2,3,2,4,2,0.23,0.15,0,1,1,2,0.08
"BOS","2019-10-08","2019020043","20192020","VGK","0",5.33,100,83.33,90.91,85.71,96.32,1,0,5,1,10,1,12,2,0.74,0.03,1,4,9,10,0.71
"BOS","2019-10-10","2019020056","20192020","COL","0",2,0,66.67,66.67,75,98.82,0,0,2,1,2,1,3,1,0.24,0,0,1,1,2,0.24
"BOS","2019-10-12","2019020064","20192020","N.J","1",4.38,100,80,80,72.73,91.65,1,0,4,1,8,2,8,3,0.76,0.07,1,3,6,5,0.69
"BOS","2019-10-14","2019020078","20192020","ANA","1",3.08,100,50,66.67,77.78,96.37,2,0,2,2,4,2,7,2,0.62,0.02,2,0,2,5,0.6
"BOS","2019-10-17","2019020098","20192020","T.B","1",5.95,100,66.67,71.43,76.47,69.63,3,0,6,3,10,4,13,4,1.11,0.49,3,3,6,9,0.63
"BOS","2019-10-19","2019020115","20192020","TOR","0",5.98,100,100,92.31,92.31,97.01,1,0,10,0,12,1,12,1,1.11,0.03,1,10,11,11,1.07
"BOS","2019-10-22","2019020133","20192020","TOR","1",6.82,100,71.43,72.73,72.73,90.07,1,0,5,2,8,3,8,3,0.59,0.07,1,3,5,5,0.53
"BOS","2019-10-26","2019020162","20192020","STL","1",6.92,100,66.67,69.23,69.23,91.32,1,0,6,3,9,4,9,4,0.54,0.05,1,3,5,5,0.48
"BOS","2019-10-27","2019020174","20192020","NYR","0",4,0,80,83.33,85.71,99.44,0,0,4,1,5,1,6,1,0.68,0,0,3,4,5,0.67
"BOS","2019-10-29","2019020179","20192020","S.J","1",13.3,100,82.61,80,82.14,80.41,2,0,19,4,20,5,23,5,1.88,0.46,2,15,15,18,1.42
"BOS","2019-11-02","2019020206","20192020","OTT","1",5.28,100,85.71,87.5,90,99.1,2,0,6,1,7,1,9,1,0.66,0.01,2,5,6,8,0.65
"BOS","2019-11-04","2019020220","20192020","PIT","1",6,0,50,57.14,66.67,50.21,0,0,3,3,4,3,6,3,0.28,0.27,0,0,1,3,0
"BOS","2019-11-05","2019020224","20192020","MTL","0",2.1,100,100,100,100,100,1,0,2,0,4,0,7,0,0.27,0,1,2,4,7,0.27
"BOS","2019-11-08","2019020248","20192020","DET","0",6.27,100,81.82,84.62,88.89,94.25,1,0,9,2,11,2,16,2,1.06,0.06,1,7,9,14,1
"BOS","2019-11-10","2019020267","20192020","PHI","1",4.15,0,100,100,100,100,0,0,4,0,5,0,6,0,0.38,0,0,4,5,6,0.38
"BOS","2019-11-12","2019020272","20192020","FLA","1",4.95,100,100,100,100,100,1,0,6,0,12,0,12,0,1.1,0,1,6,12,12,1.1
"BOS","2019-11-15","2019020294","20192020","TOR","0",4,0,50,66.67,77.78,97.24,0,0,1,1,4,2,7,2,0.37,0.01,0,0,2,5,0.36
"BOS","2019-11-16","2019020303","20192020","WSH","1",6,0,28.57,33.33,41.67,33.16,0,0,2,5,3,6,5,7,0.21,0.42,0,-3,-3,-2,-0.21
"BOS","2019-11-19","2019020320","20192020","N.J","0",2.62,100,100,50,50,34.69,1,0,1,0,1,1,1,1,0.06,0.11,1,1,0,0,-0.05
"BOS","2019-11-21","2019020333","20192020","BUF","1",2.9,100,100,100,100,100,2,0,6,0,7,0,7,0,0.83,0,2,6,7,7,0.83
"BOS","2019-11-23","2019020351","20192020","MIN","1",4,0,100,100,100,100,0,0,4,0,7,0,7,0,0.4,0,0,4,7,7,0.4
"BOS","2019-11-26","2019020374","20192020","MTL","0",2.35,100,100,80,80,88.39,2,0,4,0,4,1,4,1,0.41,0.05,2,4,3,3,0.35
"BOS","2019-11-27","2019020378","20192020","OTT","0",4,0,66.67,75,75,58.69,0,0,4,2,6,2,6,2,0.42,0.29,0,2,4,4,0.12
"BOS","2019-11-29","2019020391","20192020","NYR","1",2,0,100,100,100,100,0,0,4,0,4,0,4,0,0.26,0,0,4,4,4,0.26
"BOS","2019-12-01","2019020417","20192020","MTL","1",6.67,100,62.5,70,72.73,97.93,1,0,5,3,7,3,8,3,0.56,0.01,1,2,4,5,0.55
"BOS","2019-12-03","2019020424","20192020","CAR","1",4,0,75,85.71,87.5,98.01,0,0,3,1,6,1,7,1,0.47,0.01,0,2,5,6,0.46
"BOS","2019-12-05","2019020438","20192020","CHI","1",8.05,0,71.43,76.47,78.95,77.35,0,1,10,4,13,4,15,4,0.9,0.26,-1,6,9,11,0.64
"BOS","2019-12-07","2019020454","20192020","COL","1",2.42,0,75,75,85.71,74.59,0,0,3,1,3,1,6,1,0.19,0.06,0,2,2,5,0.12
"BOS","2019-12-09","2019020470","20192020","OTT","0",7.1,100,90.91,80,83.33,92.2,1,0,10,1,12,3,15,3,1.5,0.13,1,9,9,12,1.38
"BOS","2019-12-11","2019020484","20192020","WSH","0",10.27,0,88.89,85.71,82.35,86.67,0,0,8,1,12,2,14,3,0.74,0.11,0,7,10,11,0.63
"BOS","2019-12-12","2019020488","20192020","T.B","0",4,0,66.67,66.67,80,75.36,0,0,2,1,2,1,4,1,0.16,0.05,0,1,1,3,0.11
"BOS","2019-12-14","2019020508","20192020","FLA","0",4.67,100,100,100,100,100,1,0,8,0,10,0,12,0,1.03,0,1,8,10,12,1.03
"BOS","2019-12-17","2019020524","20192020","L.A","1",4.78,50,71.43,71.43,80,59.41,1,1,5,2,5,2,8,2,0.38,0.26,0,3,3,6,0.12
"BOS","2019-12-19","2019020538","20192020","NYI","1",8.82,100,85.71,90,94.12,89.25,1,0,6,1,9,1,16,1,1.17,0.14,1,5,8,15,1.03
"BOS","2019-12-21","2019020555","20192020","NSH","1",6.48,100,87.5,88.89,84.62,99.44,1,0,7,1,8,1,11,2,0.74,0,1,6,7,9,0.74
"BOS","2019-12-23","2019020571","20192020","WSH","1",8.15,100,57.14,62.5,75,77.37,2,0,4,3,5,3,9,3,0.98,0.29,2,1,2,6,0.7
"BOS","2019-12-27","2019020582","20192020","BUF","0",4.95,100,66.67,83.33,71.43,92.46,1,0,2,1,5,1,5,2,0.38,0.03,1,1,4,3,0.35
"BOS","2019-12-29","2019020606","20192020","BUF","1",8.45,100,77.78,84.62,86.67,72.09,2,0,7,2,11,2,13,2,0.81,0.31,2,5,9,11,0.49
"BOS","2019-12-31","2019020613","20192020","N.J","0",1.18,100,100,100,100,100,1,0,3,0,4,0,4,0,0.58,0,1,3,4,4,0.58
"BOS","2020-01-02","2019020627","20192020","CBJ","1",2.08,100,66.67,50,60,88.03,1,0,2,1,2,2,3,2,0.15,0.02,1,1,0,1,0.13
"BOS","2020-01-04","2019020641","20192020","EDM","1",4.08,100,66.67,80,85.71,86.93,1,0,2,1,4,1,6,1,0.4,0.06,1,1,3,5,0.34
"BOS","2020-01-07","2019020671","20192020","NSH","0",5.22,100,87.5,88.89,81.82,99.33,1,0,7,1,8,1,9,2,0.69,0,1,6,7,7,0.69
"BOS","2020-01-09","2019020678","20192020","WPG","1",6.32,100,100,100,100,100,1,0,6,0,8,0,9,0,0.54,0,1,6,8,9,0.54
"BOS","2020-01-11","2019020694","20192020","NYI","0",2.88,100,83.33,83.33,88.89,99.05,1,0,5,1,5,1,8,1,0.4,0,1,4,4,7,0.4
"BOS","2020-01-13","2019020711","20192020","PHI","0",3.32,100,50,71.43,77.78,98.59,1,0,2,2,5,2,7,2,0.79,0.01,1,0,3,5,0.77
"BOS","2020-01-14","2019020719","20192020","CBJ","0",8,0,85.71,87.5,91.67,93.38,0,0,6,1,7,1,11,1,0.71,0.05,0,5,6,10,0.66
"BOS","2020-01-16","2019020727","20192020","PIT","1",8,0,45.45,53.33,61.11,46.39,0,0,5,6,8,7,11,7,0.84,0.97,0,-1,1,4,-0.13
"BOS","2020-01-19","2019020755","20192020","PIT","0",4.12,0,75,88.89,90.91,94.32,0,1,3,1,8,1,10,1,0.8,0.05,-1,2,7,9,0.75
"BOS","2020-01-21","2019020761","20192020","VGK","1",10,0,100,100,100,100,0,0,3,0,5,0,10,0,0.31,0,0,3,5,10,0.31
"BOS","2020-01-31","2019020789","20192020","WPG","0",5.87,100,100,100,92.31,100,2,0,6,0,9,0,12,1,0.86,0,2,6,9,11,0.86
"BOS","2020-02-01","2019020801","20192020","MIN","0",4.35,100,100,92.86,93.75,98.69,3,0,10,0,13,1,15,1,1.55,0.02,3,10,12,14,1.53
"BOS","2020-02-04","2019020812","20192020","VAN","1",8.55,100,100,100,94.44,100,1,0,9,0,12,0,17,1,1.09,0,1,9,12,16,1.09
"BOS","2020-02-05","2019020826","20192020","CHI","0",5.53,0,100,100,100,100,0,0,5,0,6,0,6,0,0.47,0,0,5,6,6,0.47
"BOS","2020-02-08","2019020844","20192020","ARI","1",4.48,100,83.33,75,66.67,80.79,2,0,5,1,6,2,6,3,0.54,0.13,2,4,4,3,0.41
"BOS","2020-02-09","2019020855","20192020","DET","0",6.7,0,100,100,100,100,0,0,8,0,12,0,13,0,0.91,0,0,8,12,13,0.91
"BOS","2020-02-12","2019020877","20192020","MTL","1",4.5,100,100,100,100,100,1,0,7,0,8,0,9,0,0.79,0,1,7,8,9,0.79
"BOS","2020-02-15","2019020895","20192020","DET","1",4,0,50,60,71.43,26.82,0,1,2,2,3,2,5,2,0.13,0.35,-1,0,1,3,-0.22
"BOS","2020-02-16","2019020907","20192020","NYR","0",4.27,0,100,100,100,100,0,0,7,0,11,0,13,0,1.16,0,0,7,11,13,1.16
"BOS","2020-02-19","2019020929","20192020","EDM","0",11.8,0,78.57,80.95,86.21,97.57,0,0,11,3,17,4,25,4,1.72,0.04,0,8,13,21,1.68
"BOS","2020-02-21","2019020945","20192020","CGY","0",0.05,0,0,0,0,0,0,0,0,0,0,0,0,0,0,0,0,0,0,0,0
"BOS","2020-02-22","2019020956","20192020","VAN","0",2.7,100,50,50,75,84.12,1,0,1,1,1,1,3,1,0.09,0.02,1,0,0,2,0.08
"BOS","2020-02-25","2019020968","20192020","CGY","1",2,0,100,100,100,100,0,0,2,0,2,0,5,0,0.32,0,0,2,2,5,0.32
"BOS","2020-02-27","2019020984","20192020","DAL","1",3.53,100,100,100,100,100,1,0,6,0,11,0,13,0,0.97,0,1,6,11,13,0.97
"BOS","2020-02-29","2019020999","20192020","NYI","0",4.12,100,100,100,100,100,1,0,8,0,10,0,15,0,1.25,0,1,8,10,15,1.25
"BOS","2020-03-03","2019021019","20192020","T.B","0",6.42,0,100,100,100,100,0,0,3,0,4,0,4,0,0.51,0,0,3,4,4,0.51
"BOS","2020-03-05","2019021035","20192020","FLA","0",5.08,100,75,80,83.33,96.32,1,0,6,2,8,2,10,2,0.87,0.03,1,4,6,8,0.84
"BOS","2020-03-07","2019021053","20192020","T.B","1",7.12,33.33,60,63.64,73.33,46.82,1,2,6,4,7,4,11,4,0.45,0.51,-1,2,3,7,-0.06
"BOS","2020-03-10","2019021073","20192020","PHI","0",5.73,100,71.43,77.78,77.78,78.46,1,0,5,2,7,2,7,2,0.46,0.13,1,3,5,5,0.33
"BOS","Total","-","20192020","-","-",5.2,90.32,80.36,82.53,84.51,87.23,56,6,356,87,496,105,633,116,46.09,6.75,50,269,391,517,39.34
