"Team","Date","Game_ID","Season","Opponent","Is_Home","TOI","GF%","SF%","FF%","CF%","xGF%","GF","GA","SF","SA","FF","FA","CF","CA","xGF","xGA","G±","S±","F±","C±","xG±"
"CAR","2017-10-07","2017020023","20172018","MIN","1",51.7,60,60.78,62.34,59.8,49.18,3,2,31,20,48,29,61,41,2.34,2.41,1,11,19,20,-0.08
"CAR","2017-10-10","2017020040","20172018","CBJ","1",51.38,0,55.1,53.73,54.26,51.14,0,2,27,22,36,31,51,43,1.92,1.84,-2,5,5,8,0.09
"CAR","2017-10-14","2017020068","20172018","WPG","0",46.8,0,55.56,57.69,58.23,41.17,0,2,20,16,30,22,46,33,0.95,1.36,-2,4,8,13,-0.41
"CAR","2017-10-17","2017020089","20172018","EDM","0",38.45,66.67,30.95,29.63,36.49,31.41,2,1,13,29,16,38,27,47,0.83,1.81,1,-16,-22,-20,-0.98
"CAR","2017-10-19","2017020102","20172018","CGY","0",47.28,50,51.02,50.72,57.14,51.72,1,1,25,24,35,34,52,39,1.32,1.24,0,1,1,13,0.09
"CAR","2017-10-21","2017020118","20172018","DAL","0",48.88,42.86,54.72,52.94,57.14,51.57,3,4,29,24,36,32,52,39,2.22,2.08,-1,5,4,13,0.14
"CAR","2017-10-24","2017020129","20172018","T.B","1",49.27,33.33,55.77,61.25,63.37,61.58,1,2,29,23,49,31,64,37,2.93,1.83,-1,6,18,27,1.1
"CAR","2017-10-26","2017020139","20172018","TOR","0",57.73,66.67,52.78,52.38,52.99,47.44,6,3,38,34,55,50,71,63,3.01,3.34,3,4,5,8,-0.33
"CAR","2017-10-27","2017020152","20172018","STL","1",56.53,33.33,43.33,42.05,47.41,40.54,1,2,26,34,37,51,64,71,1.54,2.27,-1,-8,-14,-7,-0.72
"CAR","2017-10-29","2017020167","20172018","ANA","1",59.28,40,57.14,59.34,61.86,66.42,2,3,32,24,54,37,73,45,4.05,2.05,-1,8,17,28,2
"CAR","2017-11-02","2017020194","20172018","COL","0",51.2,50,70,71.88,68.91,68.14,3,3,56,24,69,27,82,37,3.11,1.46,0,32,42,45,1.66
"CAR","2017-11-04","2017020209","20172018","ARI","0",56.2,50,60.34,58.23,60.36,67.27,1,1,35,23,46,33,67,44,2.94,1.43,0,12,13,23,1.51
"CAR","2017-11-07","2017020227","20172018","FLA","1",45.62,100,59.32,53.75,55.05,54.15,2,0,35,24,43,37,60,49,2.22,1.88,2,11,6,11,0.34
"CAR","2017-11-10","2017020245","20172018","CBJ","0",53.57,66.67,57.14,52.24,55.79,42.57,2,1,28,21,35,32,53,42,1.95,2.63,1,7,3,11,-0.68
"CAR","2017-11-11","2017020256","20172018","CHI","1",47.47,50,62.07,56.58,51.4,58.28,3,3,36,22,43,33,55,52,2.71,1.94,0,14,10,3,0.77
"CAR","2017-11-13","2017020265","20172018","DAL","1",50.57,100,53.85,51.72,50,56.86,4,0,21,18,30,28,44,44,1.71,1.3,4,3,2,0,0.41
"CAR","2017-11-16","2017020279","20172018","NYI","0",49.77,50,47.27,45.83,52.13,53.02,3,3,26,29,33,39,49,45,2.55,2.26,0,-3,-6,4,0.29
"CAR","2017-11-18","2017020297","20172018","BUF","0",48,66.67,58.14,54.84,54.12,55.01,2,1,25,18,34,28,46,39,1.74,1.42,1,7,6,7,0.32
"CAR","2017-11-19","2017020305","20172018","NYI","1",39.48,66.67,55,54.55,49.33,45.69,2,1,22,18,30,25,37,38,1.15,1.36,1,4,5,-1,-0.22
"CAR","2017-11-22","2017020326","20172018","NYR","1",47.22,0,47.73,47.14,52.27,38.98,0,5,21,23,33,37,46,42,1.64,2.57,-5,-2,-4,4,-0.93
"CAR","2017-11-24","2017020343","20172018","TOR","1",50.13,42.86,68.97,70.24,69.52,76.91,3,4,40,18,59,25,73,32,4.28,1.28,-1,22,34,41,2.99
"CAR","2017-11-26","2017020359","20172018","NSH","1",56.13,50,48.39,46.74,47.58,51.29,2,2,30,32,43,49,59,65,2.94,2.79,0,-2,-6,-6,0.15
"CAR","2017-11-28","2017020371","20172018","CBJ","0",60.93,50,44.12,45.12,49.51,50.08,2,2,30,38,37,45,51,52,2.68,2.67,0,-8,-8,-1,0.01
"CAR","2017-12-01","2017020390","20172018","NYR","0",48.4,50,65.22,65.57,59.77,50.49,1,1,30,16,40,21,52,35,1.63,1.6,0,14,19,17,0.03
"CAR","2017-12-02","2017020403","20172018","FLA","1",54.15,50,49.25,47.47,48.82,61.04,1,1,33,34,47,52,62,65,3.59,2.29,0,-1,-5,-3,1.3
"CAR","2017-12-05","2017020423","20172018","VAN","0",52.27,0,57.14,58.57,60.67,50.63,0,2,28,21,41,29,54,35,1.83,1.78,-2,7,12,19,0.05
"CAR","2017-12-07","2017020438","20172018","S.J","0",52.13,80,46.81,44.93,43.01,58.55,4,1,22,25,31,38,40,53,2.69,1.91,3,-3,-7,-13,0.79
"CAR","2017-12-09","2017020455","20172018","L.A","0",57.32,0,59.18,57.75,59.79,59.08,0,3,29,20,41,30,58,39,2.13,1.48,-3,9,11,19,0.66
"CAR","2017-12-11","2017020465","20172018","ANA","0",48.52,40,51.16,51.43,53.54,49.23,2,3,22,21,36,34,53,46,2.25,2.32,-1,1,2,7,-0.07
"CAR","2017-12-12","2017020474","20172018","VGK","0",55.43,50,61.54,60.94,59.09,58.35,2,2,32,20,39,25,52,36,2.33,1.66,0,12,14,16,0.67
"CAR","2017-12-15","2017020491","20172018","BUF","0",54.22,55.56,44.93,48.39,46.23,45.21,5,4,31,38,45,48,49,57,2.52,3.06,1,-7,-3,-8,-0.53
"CAR","2017-12-16","2017020503","20172018","CBJ","1",50.65,66.67,43.14,44.44,42.7,54.08,2,1,22,29,32,40,38,51,2.21,1.88,1,-7,-8,-13,0.33
"CAR","2017-12-19","2017020516","20172018","TOR","0",48.95,20,51.79,52.44,57.8,44.86,1,4,29,27,43,39,63,46,2.04,2.51,-3,2,4,17,-0.47
"CAR","2017-12-21","2017020534","20172018","NSH","0",43.92,66.67,45.45,40.91,40.74,40.68,2,1,20,24,27,39,33,48,0.99,1.45,1,-4,-12,-15,-0.46
"CAR","2017-12-23","2017020550","20172018","BUF","1",48.45,60,59.57,65.15,66.27,63.29,3,2,28,19,43,23,55,28,2.72,1.58,1,9,20,27,1.14
"CAR","2017-12-27","2017020563","20172018","MTL","1",52.57,50,58.33,56.92,56.82,55.14,1,1,28,20,37,28,50,38,1.95,1.59,0,8,9,12,0.36
"CAR","2017-12-29","2017020580","20172018","PIT","1",50.62,66.67,56,58.57,58.95,58.6,2,1,28,22,41,29,56,39,2.46,1.74,1,6,12,17,0.72
"CAR","2017-12-30","2017020590","20172018","STL","0",52.17,40,44.44,45.76,48.15,46.93,2,3,20,25,27,32,39,42,1.44,1.63,-1,-5,-5,-3,-0.19
"CAR","2018-01-02","2017020605","20172018","WSH","1",50.27,37.5,51.11,57.14,57.3,55.31,3,5,23,22,40,30,51,38,2.54,2.05,-2,1,10,13,0.49
"CAR","2018-01-04","2017020619","20172018","PIT","0",54,100,59.62,56.06,48.39,68.44,4,0,31,21,37,29,45,48,3.35,1.55,4,10,8,-3,1.81
"CAR","2018-01-06","2017020636","20172018","BOS","0",52.57,0,45.65,50,49.43,37.12,0,5,21,25,31,31,43,44,1.05,1.78,-5,-4,0,-1,-0.73
"CAR","2018-01-09","2017020656","20172018","T.B","0",52.63,16.67,42.37,41.33,43.14,27.14,1,5,25,34,31,44,44,58,1.04,2.79,-4,-9,-13,-14,-1.75
"CAR","2018-01-11","2017020663","20172018","WSH","0",49.32,0,53.33,56.72,52.94,51.85,0,1,24,21,38,29,54,48,1.76,1.63,-1,3,9,6,0.13
"CAR","2018-01-12","2017020667","20172018","WSH","1",47.35,33.33,59.18,54.79,50,55.12,1,2,29,20,40,33,45,45,2.77,2.26,-1,9,7,0,0.51
"CAR","2018-01-14","2017020680","20172018","CGY","1",48.6,0,51.85,46.05,49.53,51.99,0,3,28,26,35,41,53,54,2.36,2.18,-3,2,-6,-1,0.18
"CAR","2018-01-20","2017020714","20172018","DET","0",53.82,100,54.55,48.57,51.61,58.55,1,0,24,20,34,36,48,45,1.87,1.32,1,4,-2,3,0.55
"CAR","2018-01-21","2017020722","20172018","VGK","1",47.28,0,44.68,45.45,51.81,41.72,0,3,21,26,30,36,43,40,1.87,2.62,-3,-5,-6,3,-0.74
"CAR","2018-01-23","2017020733","20172018","PIT","0",52.63,25,49.18,53.01,53.15,57.45,1,3,30,31,44,39,59,52,2.96,2.19,-2,-1,5,7,0.77
"CAR","2018-01-25","2017020749","20172018","MTL","0",50.55,55.56,48,50,54.26,55.7,5,4,24,26,31,31,51,43,2.6,2.07,1,-2,0,8,0.53
"CAR","2018-01-30","2017020765","20172018","OTT","1",51.97,50,54.39,55.06,57.76,52.42,1,1,31,26,49,40,67,49,2.56,2.33,0,5,9,18,0.24
"CAR","2018-02-01","2017020780","20172018","MTL","1",52,100,52.08,51.9,51.92,54.91,2,0,25,23,41,38,54,50,2.23,1.83,2,2,3,4,0.4
"CAR","2018-02-02","2017020789","20172018","DET","1",49.9,0,48.44,48.84,50.91,41.48,0,4,31,33,42,44,56,54,1.86,2.62,-4,-2,-2,2,-0.76
"CAR","2018-02-04","2017020807","20172018","S.J","1",55.85,25,44.44,45.45,47.83,36.03,1,3,20,25,30,36,44,48,1.38,2.44,-2,-5,-6,-4,-1.07
"CAR","2018-02-06","2017020814","20172018","PHI","1",48.47,0,46.94,54.55,57.45,59.39,0,2,23,26,36,30,54,40,2.64,1.81,-2,-3,6,14,0.84
"CAR","2018-02-09","2017020839","20172018","VAN","1",53.7,80,56,56.34,60.44,64.8,4,1,28,22,40,31,55,36,2.14,1.16,3,6,9,19,0.98
"CAR","2018-02-10","2017020847","20172018","COL","1",46.08,75,58.82,60.56,59.09,68.39,3,1,30,21,43,28,52,36,3.63,1.68,2,9,15,16,1.95
"CAR","2018-02-13","2017020869","20172018","L.A","1",50.47,66.67,54.39,52.05,52.08,44.08,4,2,31,26,38,35,50,46,2.05,2.6,2,5,3,4,-0.55
"CAR","2018-02-15","2017020879","20172018","N.J","0",51.8,28.57,52.17,49.18,52.56,40.26,2,5,24,22,30,31,41,37,1.26,1.87,-3,2,-1,4,-0.61
"CAR","2018-02-16","2017020891","20172018","NYI","1",54.07,0,58.49,62.82,64.35,52.76,0,2,31,22,49,29,74,41,2.17,1.95,-2,9,20,33,0.23
"CAR","2018-02-18","2017020907","20172018","N.J","1",55.35,33.33,62.75,64.94,65.66,69.52,1,2,32,19,50,27,65,34,3.68,1.61,-1,13,23,31,2.07
"CAR","2018-02-23","2017020942","20172018","PIT","1",54.78,16.67,42.19,48.42,45.31,39.78,1,5,27,37,46,49,58,70,2.61,3.95,-4,-10,-3,-12,-1.34
"CAR","2018-02-24","2017020950","20172018","DET","0",45.93,33.33,60,54.9,62.96,45.74,1,2,21,14,28,23,51,30,0.9,1.07,-1,7,5,21,-0.17
"CAR","2018-02-27","2017020969","20172018","BOS","0",54.6,20,50,48.86,49.04,47.76,1,4,30,30,43,45,51,53,1.94,2.12,-3,0,-2,-2,-0.18
"CAR","2018-03-01","2017020984","20172018","PHI","0",54,80,63.46,57.97,56.18,59.9,4,1,33,19,40,29,50,39,3.09,2.07,3,14,11,11,1.02
"CAR","2018-03-02","2017020993","20172018","N.J","1",51.5,100,56,58.82,56.82,57.29,2,0,28,22,40,28,50,38,1.86,1.39,2,6,12,12,0.47
"CAR","2018-03-04","2017021012","20172018","WPG","1",49.05,50,56,55.13,56.38,52.13,2,2,28,22,43,35,53,41,2.04,1.87,0,6,8,12,0.17
"CAR","2018-03-06","2017021026","20172018","MIN","0",53.43,20,45.1,43.59,48.54,32.72,1,4,23,28,34,44,50,53,1.28,2.63,-3,-5,-10,-3,-1.35
"CAR","2018-03-08","2017021040","20172018","CHI","0",49.65,50,63.64,64.29,67.01,58.57,2,2,35,20,45,25,65,32,2.32,1.64,0,15,20,33,0.68
"CAR","2018-03-12","2017021063","20172018","NYR","0",48.83,40,62,58.57,65.35,54.56,2,3,31,19,41,29,66,35,2.03,1.69,-1,12,12,31,0.34
"CAR","2018-03-13","2017021071","20172018","BOS","1",47.35,20,50,58.33,58.82,58.03,1,4,27,27,42,30,60,42,2.33,1.69,-3,0,12,18,0.65
"CAR","2018-03-17","2017021103","20172018","PHI","1",49.72,40,46.67,50.75,54.46,50.09,2,3,21,24,34,33,55,46,2.07,2.07,-1,-3,1,9,0.01
"CAR","2018-03-18","2017021111","20172018","NYI","0",48.1,80,58.82,54.55,53.93,60.14,4,1,30,21,36,30,48,41,1.89,1.25,3,9,6,7,0.64
"CAR","2018-03-20","2017021124","20172018","EDM","1",55.3,22.22,49.12,50.67,51.14,32.49,2,7,28,29,38,37,45,43,2.11,4.38,-5,-1,1,2,-2.27
"CAR","2018-03-22","2017021138","20172018","ARI","1",51.37,60,53.7,53.25,56.88,53.24,6,4,29,25,41,36,62,47,2.82,2.48,2,4,5,15,0.34
"CAR","2018-03-24","2017021155","20172018","OTT","0",52.43,66.67,37.74,42.86,51.09,44.04,4,2,20,33,30,40,47,45,1.45,1.84,2,-13,-10,2,-0.39
"CAR","2018-03-26","2017021171","20172018","OTT","1",51.68,75,63.64,63.08,61.11,71.12,3,1,28,16,41,24,55,35,2.03,0.82,2,12,17,20,1.2
"CAR","2018-03-27","2017021177","20172018","N.J","0",46.55,60,47.69,46.34,47.37,46.06,3,2,31,34,38,44,45,50,2.03,2.38,1,-3,-6,-5,-0.35
"CAR","2018-03-30","2017021202","20172018","WSH","0",54.68,75,60,52.94,52.69,50.91,3,1,27,18,36,32,49,44,2.08,2,2,9,4,5,0.07
"CAR","2018-03-31","2017021212","20172018","NYR","1",51.3,50,66.67,71.43,68.75,65.09,1,1,30,15,50,20,66,30,2.66,1.43,0,15,30,36,1.23
"CAR","2018-04-02","2017021225","20172018","FLA","0",53.2,50,46.67,51.81,53.4,50.46,2,2,28,32,43,40,55,48,2.53,2.49,0,-4,3,7,0.05
"CAR","2018-04-05","2017021243","20172018","PHI","0",56.2,42.86,38.18,46.34,50,42.68,3,4,21,34,38,44,55,55,1.65,2.21,-1,-13,-6,0,-0.56
"CAR","2018-04-07","2017021263","20172018","T.B","1",54.8,60,56.16,57.65,58.72,64.56,3,2,41,32,49,36,64,45,3.91,2.15,1,9,13,19,1.76
"CAR","Total","-","20172018","-","-",51.18,46.31,53.18,53.45,54.61,52.79,163,189,2280,2007,3216,2801,4385,3645,182.94,163.63,-26,273,415,740,19.31
