"Team","Date","Game_ID","Season","Opponent","Is_Home","TOI","GF%","SF%","FF%","CF%","xGF%","GF","GA","SF","SA","FF","FA","CF","CA","xGF","xGA","G±","S±","F±","C±","xG±"
"CGY","2016-10-12","2016020003","20162017","EDM","0",42.38,20,54.17,56.25,56.96,42.07,1,4,26,22,36,28,45,34,1.45,1.99,-3,4,8,11,-0.55
"CGY","2016-10-14","2016020015","20162017","EDM","1",43.57,75,61.22,60.94,59.52,47.56,3,1,30,19,39,25,50,34,1.82,2.01,2,11,14,16,-0.19
"CGY","2016-10-15","2016020029","20162017","VAN","0",53.55,0,46.51,41.94,39.08,33.43,0,1,20,23,26,36,34,53,0.98,1.94,-1,-3,-10,-19,-0.97
"CGY","2016-10-18","2016020046","20162017","BUF","1",47.62,66.67,62.22,66.67,62.82,56.99,4,2,28,17,40,20,49,29,2.77,2.09,2,11,20,20,0.68
"CGY","2016-10-20","2016020059","20162017","CAR","1",35.3,50,43.59,49.06,47.83,38.96,2,2,17,22,26,27,33,36,1.37,2.15,0,-5,-1,-3,-0.78
"CGY","2016-10-22","2016020075","20162017","STL","1",45.92,57.14,38,41.1,44.68,28.19,4,3,19,31,30,43,42,52,1.3,3.31,1,-12,-13,-10,-2.01
"CGY","2016-10-24","2016020082","20162017","CHI","0",53.42,0,41.51,41.54,38.78,28.51,0,2,22,31,27,38,38,60,1.29,3.25,-2,-9,-11,-22,-1.95
"CGY","2016-10-25","2016020089","20162017","STL","0",48.73,100,58.54,44.44,42.11,57.19,2,0,24,17,28,35,32,44,2.11,1.58,2,7,-7,-12,0.53
"CGY","2016-10-28","2016020110","20162017","OTT","1",49.77,100,47.37,45.9,47.83,54.6,5,0,18,20,28,33,44,48,1.59,1.32,5,-2,-5,-4,0.27
"CGY","2016-10-30","2016020130","20162017","WSH","1",52.57,50,45.45,46.77,48.84,44.34,1,1,20,24,29,33,42,44,1.44,1.81,0,-4,-4,-2,-0.37
"CGY","2016-11-01","2016020139","20162017","CHI","0",45.42,0,64.29,56.9,57.83,59.79,0,3,27,15,33,25,48,35,1.73,1.16,-3,12,8,13,0.57
"CGY","2016-11-03","2016020157","20162017","S.J","0",44.58,75,55.26,45.28,48.72,42.13,3,1,21,17,24,29,38,40,1.34,1.84,2,4,-5,-2,-0.5
"CGY","2016-11-05","2016020172","20162017","L.A","0",48.3,0,40,46.05,46.39,40.17,0,5,20,30,35,41,45,52,1.54,2.3,-5,-10,-6,-7,-0.75
"CGY","2016-11-06","2016020179","20162017","ANA","0",53.07,33.33,60.53,57.89,60,46.97,1,2,23,15,33,24,45,30,1.12,1.27,-1,8,9,15,-0.14
"CGY","2016-11-10","2016020204","20162017","DAL","1",50.8,50,56.82,55.56,57.14,63.39,2,2,25,19,30,24,44,33,2.49,1.44,0,6,6,11,1.05
"CGY","2016-11-12","2016020222","20162017","NYR","1",50.4,0,58.49,56.34,60,55.47,0,4,31,22,40,31,57,38,2.07,1.66,-4,9,9,19,0.41
"CGY","2016-11-15","2016020237","20162017","MIN","0",45.93,0,41.03,37.5,40.51,16.15,0,0,16,23,21,35,32,47,0.4,2.09,0,-7,-14,-15,-1.69
"CGY","2016-11-16","2016020244","20162017","ARI","1",49.47,66.67,52.63,55.93,65.91,63.06,2,1,20,18,33,26,58,30,1.92,1.13,1,2,7,28,0.8
"CGY","2016-11-18","2016020259","20162017","CHI","1",49.92,50,54.35,49.25,46.67,44.78,2,2,25,21,33,34,42,48,1.94,2.4,0,4,-1,-6,-0.45
"CGY","2016-11-20","2016020274","20162017","DET","0",52.22,60,52.27,53.12,54.88,61.09,3,2,23,21,34,30,45,37,2.09,1.33,1,2,4,8,0.76
"CGY","2016-11-21","2016020276","20162017","BUF","0",46.65,66.67,50,52.17,52.81,51.13,2,1,24,24,36,33,47,42,1.38,1.32,1,0,3,5,0.06
"CGY","2016-11-23","2016020292","20162017","CBJ","0",46.58,100,35.71,43.86,42.68,58.54,1,0,15,27,25,32,35,47,1.77,1.25,1,-12,-7,-12,0.52
"CGY","2016-11-25","2016020308","20162017","BOS","0",47.62,66.67,52.08,40.58,37.5,41.5,2,1,25,23,28,41,33,55,1.48,2.09,1,2,-13,-22,-0.61
"CGY","2016-11-27","2016020327","20162017","PHI","0",46.93,0,44.64,43.24,45.45,31.39,0,4,25,31,32,42,45,54,1.7,3.71,-4,-6,-10,-9,-2.01
"CGY","2016-11-28","2016020328","20162017","NYI","0",51.45,33.33,54.17,51.43,52.17,51.54,1,2,26,22,36,34,48,44,1.95,1.84,-1,4,2,4,0.12
"CGY","2016-11-30","2016020343","20162017","TOR","1",52,100,45.61,43.75,42.42,46.79,3,0,26,31,35,45,42,57,2.2,2.5,3,-5,-10,-15,-0.3
"CGY","2016-12-02","2016020357","20162017","MIN","1",50.45,33.33,50,47.69,52.27,36.98,1,2,23,23,31,34,46,42,1.32,2.26,-1,0,-3,4,-0.93
"CGY","2016-12-04","2016020375","20162017","ANA","1",47.65,71.43,45.45,47.27,46.58,55.17,5,2,20,24,26,29,34,39,2.21,1.8,3,-4,-3,-5,0.41
"CGY","2016-12-06","2016020390","20162017","DAL","0",54.27,50,39.53,41.43,42.16,52,1,1,17,26,29,41,43,59,2.06,1.9,0,-9,-12,-16,0.16
"CGY","2016-12-08","2016020403","20162017","ARI","0",48.02,50,60.78,52.78,50,48.15,1,1,31,20,38,34,50,50,1.59,1.71,0,11,4,0,-0.12
"CGY","2016-12-10","2016020419","20162017","WPG","1",47.17,100,55.77,52.7,47.31,54.19,4,0,29,23,39,35,44,49,1.78,1.5,4,6,4,-5,0.27
"CGY","2016-12-14","2016020443","20162017","T.B","1",45.05,25,39.53,40,45.33,35.36,1,3,17,26,22,33,34,41,1.22,2.22,-2,-9,-11,-7,-1.01
"CGY","2016-12-16","2016020458","20162017","CBJ","1",46.15,0,39.53,41.07,48.19,32.4,0,2,17,26,23,33,40,43,0.7,1.47,-2,-9,-10,-3,-0.76
"CGY","2016-12-19","2016020480","20162017","ARI","0",42.72,0,48.72,55.74,57.32,52.37,0,2,19,20,34,27,47,35,1.57,1.43,-2,-1,7,12,0.14
"CGY","2016-12-20","2016020492","20162017","S.J","0",47.95,20,41.86,44.44,46.88,35.77,1,4,18,25,32,40,45,51,1.69,3.04,-3,-7,-8,-6,-1.34
"CGY","2016-12-23","2016020514","20162017","VAN","1",46.63,50,62.16,60.66,55.7,65.69,1,1,23,14,37,24,44,35,3.15,1.65,0,9,13,9,1.51
"CGY","2016-12-27","2016020524","20162017","COL","0",46.08,62.5,59.57,66.07,62.35,67.07,5,3,28,19,37,19,53,32,2.6,1.28,2,9,18,21,1.32
"CGY","2016-12-29","2016020541","20162017","ANA","1",42,50,52.63,45.83,42.62,40.63,1,1,20,18,22,26,26,35,0.81,1.19,0,2,-4,-9,-0.38
"CGY","2016-12-31","2016020556","20162017","ARI","1",43.17,50,41.67,44.44,45.95,37.1,2,2,15,21,24,30,34,40,0.94,1.59,0,-6,-6,-6,-0.65
"CGY","2017-01-04","2016020575","20162017","COL","1",44.03,50,62.5,54,56.45,54.86,1,1,20,12,27,23,35,27,0.97,0.8,0,8,4,8,0.17
"CGY","2017-01-06","2016020589","20162017","VAN","0",47.77,25,75.56,74.55,77.22,59.89,1,3,34,11,41,14,61,18,1.8,1.21,-2,23,27,43,0.59
"CGY","2017-01-07","2016020601","20162017","VAN","1",49.9,75,50.98,49.32,46.81,50.11,3,1,26,25,36,37,44,50,2.47,2.46,2,1,-1,-6,0.01
"CGY","2017-01-09","2016020611","20162017","WPG","0",45.48,0,44.44,48.21,50.7,29.42,0,2,20,25,27,29,36,35,1.14,2.74,-2,-5,-2,1,-1.6
"CGY","2017-01-11","2016020623","20162017","S.J","1",54.27,66.67,57.78,48.44,52.63,57.27,2,1,26,19,31,33,50,45,2.25,1.68,1,7,-2,5,0.57
"CGY","2017-01-13","2016020638","20162017","N.J","1",47.77,50,47.54,44.44,44.79,37.13,1,1,29,32,32,40,43,53,2.17,3.68,0,-3,-8,-10,-1.5
"CGY","2017-01-14","2016020649","20162017","EDM","0",57.75,100,52.27,57.63,53.41,72.14,1,0,23,21,34,25,47,41,3.37,1.3,1,2,9,6,2.07
"CGY","2017-01-17","2016020669","20162017","FLA","1",44.62,50,62.86,54.76,57.14,58.24,2,2,22,13,23,19,36,27,1.14,0.82,0,9,4,9,0.32
"CGY","2017-01-19","2016020682","20162017","NSH","1",44.32,25,58.54,53.33,53.01,47.48,1,3,24,17,32,28,44,39,1.74,1.92,-2,7,4,5,-0.18
"CGY","2017-01-21","2016020700","20162017","EDM","1",44.7,16.67,58.82,64.06,68.67,65.41,1,5,30,21,41,23,57,26,1.6,0.85,-4,9,18,31,0.76
"CGY","2017-01-23","2016020710","20162017","TOR","0",44.03,0,54.05,48.15,53.25,62.34,0,2,20,17,26,28,41,36,1.65,1,-2,3,-2,5,0.65
"CGY","2017-01-24","2016020718","20162017","MTL","0",47.08,0,56.76,49.02,46.25,56.36,0,2,21,16,25,26,37,43,1.54,1.19,-2,5,-1,-6,0.35
"CGY","2017-01-26","2016020733","20162017","OTT","0",52.27,75,54.35,58.06,54.22,51.21,3,1,25,21,36,26,45,38,2.29,2.18,2,4,10,7,0.11
"CGY","2017-02-01","2016020756","20162017","MIN","1",49.38,75,51.92,48.68,50.5,52.36,3,1,27,25,37,39,51,50,1.68,1.53,2,2,-2,1,0.15
"CGY","2017-02-03","2016020769","20162017","N.J","0",54.73,75,62.26,61.11,58.7,54.15,3,1,33,20,44,28,54,38,1.91,1.61,2,13,16,16,0.29
"CGY","2017-02-05","2016020786","20162017","NYR","0",55.58,40,51.72,58.62,57.14,58.5,2,3,30,28,51,36,64,48,2.61,1.85,-1,2,15,16,0.76
"CGY","2017-02-07","2016020792","20162017","PIT","0",53,50,43.14,39.06,38.1,46.44,2,2,22,29,25,39,32,52,1.83,2.11,0,-7,-14,-20,-0.28
"CGY","2017-02-13","2016020835","20162017","ARI","1",50.25,0,46.55,53.33,56.38,46.96,0,5,27,31,40,35,53,41,2.41,2.72,-5,-4,5,12,-0.31
"CGY","2017-02-15","2016020845","20162017","PHI","1",45.97,66.67,38.1,40.68,38.89,31.88,2,1,16,26,24,35,35,55,1.29,2.75,1,-10,-11,-20,-1.46
"CGY","2017-02-18","2016020867","20162017","VAN","0",42.82,0,64.71,64.58,64.71,59.41,0,2,22,12,31,17,44,24,1.26,0.86,-2,10,14,20,0.4
"CGY","2017-02-21","2016020888","20162017","NSH","0",51.12,60,52.83,56.06,53.26,49.76,6,4,28,25,37,29,49,43,1.73,1.74,2,3,8,6,-0.02
"CGY","2017-02-23","2016020896","20162017","T.B","0",46.73,66.67,47.22,50.94,51.52,52.31,2,1,17,19,27,26,34,32,1.63,1.48,1,-2,1,2,0.14
"CGY","2017-02-24","2016020901","20162017","FLA","0",50.28,80,50.98,47.76,42.17,56.45,4,1,26,25,32,35,35,48,2.24,1.73,3,1,-3,-13,0.51
"CGY","2017-02-26","2016020913","20162017","CAR","0",55.2,100,42.86,48.78,49.04,46.63,3,0,24,32,40,42,51,53,2.48,2.84,3,-8,-2,-2,-0.36
"CGY","2017-02-28","2016020931","20162017","L.A","1",57.18,100,52.83,50.67,43.52,41.57,2,0,28,25,38,37,47,61,1.48,2.08,2,3,1,-14,-0.6
"CGY","2017-03-03","2016020950","20162017","DET","1",53.47,66.67,39.58,43.75,46.81,49.65,2,1,19,29,28,36,44,50,1.5,1.52,1,-10,-8,-6,-0.02
"CGY","2017-03-05","2016020962","20162017","NYI","1",49.13,71.43,53.85,51.19,52.25,58.38,5,2,35,30,43,41,58,53,3.02,2.15,3,5,2,5,0.87
"CGY","2017-03-09","2016020990","20162017","MTL","1",53.62,100,61.02,64.56,65.35,57.25,5,0,36,23,51,28,66,35,2.07,1.55,5,13,23,31,0.53
"CGY","2017-03-11","2016021005","20162017","WPG","0",46.67,100,42.86,40,42.5,44.67,1,0,18,24,22,33,34,46,1.69,2.09,1,-6,-11,-12,-0.4
"CGY","2017-03-13","2016021020","20162017","PIT","1",53.27,50,47.17,49.33,50.51,50.76,2,2,25,28,37,38,50,49,1.92,1.86,0,-3,-1,1,0.06
"CGY","2017-03-15","2016021034","20162017","BOS","1",47.38,33.33,47.92,44.78,40.91,49.94,2,4,23,25,30,37,36,52,1.87,1.87,-2,-2,-7,-16,0
"CGY","2017-03-17","2016021051","20162017","DAL","1",55.58,75,53.33,47.06,47.92,62.79,3,1,24,21,32,36,46,50,2.44,1.45,2,3,-4,-4,0.99
"CGY","2017-03-19","2016021069","20162017","L.A","1",48.55,66.67,54.05,51.85,51.35,53.26,4,2,20,17,28,26,38,36,1.38,1.21,2,3,2,2,0.17
"CGY","2017-03-21","2016021078","20162017","WSH","0",52.5,50,42.62,48.28,47.62,40.34,2,2,26,35,42,45,50,55,1.72,2.55,0,-9,-3,-5,-0.82
"CGY","2017-03-23","2016021096","20162017","NSH","0",44.08,25,54.29,54,51.43,65.24,1,3,19,16,27,23,36,34,1.96,1.04,-2,3,4,2,0.91
"CGY","2017-03-25","2016021113","20162017","STL","0",58.47,50,49.12,49.32,50,43.71,2,2,28,29,36,37,51,51,2.1,2.71,0,-1,-1,0,-0.61
"CGY","2017-03-27","2016021126","20162017","COL","1",50.18,100,52.38,59.65,57.83,58.44,1,0,22,20,34,23,48,35,2.48,1.76,1,2,11,13,0.72
"CGY","2017-03-29","2016021138","20162017","L.A","1",37.87,20,44.74,50,56.34,45.68,1,4,17,21,23,23,40,31,1.79,2.13,-3,-4,0,9,-0.34
"CGY","2017-03-31","2016021154","20162017","S.J","1",49.23,60,46.43,42.11,42.57,47.03,3,2,26,30,32,44,43,58,1.91,2.15,1,-4,-12,-15,-0.24
"CGY","2017-04-02","2016021174","20162017","ANA","1",49,25,36.36,43.94,45.12,31.1,1,3,16,28,29,37,37,45,0.89,1.96,-2,-12,-8,-8,-1.08
"CGY","2017-04-04","2016021189","20162017","ANA","0",45.37,25,54.05,44.93,50.57,51.3,1,3,20,17,31,38,44,43,2.02,1.92,-2,3,-7,1,0.1
"CGY","2017-04-06","2016021204","20162017","L.A","0",50.58,75,43.18,37.31,42.7,41.64,3,1,19,25,25,42,38,51,2.06,2.89,2,-6,-17,-13,-0.83
"CGY","2017-04-08","2016021219","20162017","S.J","0",50.25,33.33,45.95,45.65,50.67,51.85,1,2,17,20,21,25,38,37,1.24,1.15,-1,-3,-4,1,0.09
"CGY","Total","-","20162017","-","-",48.69,50.5,50.64,50.09,50.47,48.78,152,149,1903,1855,2619,2610,3575,3508,145.63,152.88,3,48,9,67,-7.26
