"Team","Date","Game_ID","Season","Opponent","Is_Home","TOI","GF%","SF%","FF%","CF%","xGF%","GF","GA","SF","SA","FF","FA","CF","CA","xGF","xGA","G±","S±","F±","C±","xG±"
"FLA","2015-10-10","2015020020","20152016","PHI","1",45.5,100,46,43.33,42.86,45.03,4,0,23,27,26,34,33,44,1.47,1.8,4,-4,-8,-11,-0.32
"FLA","2015-10-12","2015020035","20152016","PHI","0",41.05,0,48.94,56.06,56.82,40.3,0,1,23,24,37,29,50,38,1.75,2.59,-1,-1,8,12,-0.84
"FLA","2015-10-13","2015020041","20152016","CAR","0",44.37,75,64.29,60,51.19,77.67,3,1,27,15,39,26,43,41,2.31,0.67,2,12,13,2,1.65
"FLA","2015-10-15","2015020055","20152016","BUF","1",42.97,50,48.78,52.83,50,45.25,1,1,20,21,28,25,31,31,1.19,1.44,0,-1,3,0,-0.25
"FLA","2015-10-17","2015020068","20152016","DAL","1",53.77,50,41.38,45.33,45.26,42.27,2,2,24,34,34,41,43,52,1.87,2.55,0,-10,-7,-9,-0.68
"FLA","2015-10-20","2015020083","20152016","PIT","0",52.67,66.67,50,52.05,52.17,46.12,2,1,28,28,38,35,48,44,2.01,2.35,1,0,3,4,-0.34
"FLA","2015-10-22","2015020097","20152016","CHI","0",41.97,50,39.39,35.71,35.59,36.94,1,1,13,20,15,27,21,38,0.85,1.45,0,-7,-12,-17,-0.6
"FLA","2015-10-24","2015020113","20152016","DAL","0",53.4,85.71,45.76,52.33,49.15,49.34,6,1,27,32,45,41,58,60,2.74,2.82,5,-5,4,-2,-0.07
"FLA","2015-10-27","2015020128","20152016","COL","1",47.15,0,47.5,52.73,52.11,60.66,0,1,19,21,29,26,37,34,1.64,1.06,-1,-2,3,3,0.58
"FLA","2015-10-30","2015020150","20152016","BOS","1",43.92,0,43.18,46.55,50.7,31.41,0,1,19,25,27,31,36,35,1.29,2.82,-1,-6,-4,1,-1.53
"FLA","2015-10-31","2015020160","20152016","WSH","1",53.77,33.33,43.18,44.83,40.85,52.83,1,2,19,25,26,32,29,42,1.8,1.61,-1,-6,-6,-13,0.19
"FLA","2015-11-04","2015020184","20152016","ANA","0",49.83,66.67,44.23,42.47,44.44,56.38,2,1,23,29,31,42,44,55,2.44,1.89,1,-6,-11,-11,0.55
"FLA","2015-11-05","2015020193","20152016","S.J","0",50.33,20,47.17,48.61,51.06,29.72,1,4,25,28,35,37,48,46,1.36,3.22,-3,-3,-2,2,-1.86
"FLA","2015-11-07","2015020201","20152016","L.A","0",55.03,25,34.69,33.8,37.78,22.08,1,3,17,32,24,47,34,56,0.92,3.25,-2,-15,-23,-22,-2.33
"FLA","2015-11-10","2015020222","20152016","CGY","1",55.37,60,50.98,54.69,55.56,56.64,3,2,26,25,35,29,50,40,2.6,1.99,1,1,6,10,0.61
"FLA","2015-11-12","2015020236","20152016","BUF","1",51.03,33.33,59.52,57.41,57.53,52.86,1,2,25,17,31,23,42,31,0.94,0.84,-1,8,8,11,0.1
"FLA","2015-11-14","2015020251","20152016","T.B","0",57.95,33.33,39.47,35.38,43.02,36.3,2,4,15,23,23,42,37,49,1.36,2.39,-2,-8,-19,-12,-1.03
"FLA","2015-11-16","2015020265","20152016","T.B","1",50.65,100,28.3,34.72,38.2,35.94,1,0,15,38,25,47,34,55,1.04,1.86,1,-23,-22,-21,-0.82
"FLA","2015-11-19","2015020285","20152016","ANA","1",46.95,100,41.07,44.44,44.71,37.91,1,0,23,33,32,40,38,47,1.6,2.62,1,-10,-8,-9,-1.02
"FLA","2015-11-21","2015020296","20152016","NYR","1",50.07,20,51.02,54.41,54.22,48.4,1,4,25,24,37,31,45,38,1.68,1.79,-3,1,6,7,-0.11
"FLA","2015-11-23","2015020313","20152016","L.A","1",43.8,0,47.06,50.79,46.58,42.14,0,3,24,27,32,31,34,39,1.62,2.22,-3,-3,1,-5,-0.6
"FLA","2015-11-27","2015020339","20152016","NYI","1",60.12,50,52,47.37,43.62,50.71,2,2,26,24,36,40,41,53,1.72,1.67,0,2,-4,-12,0.05
"FLA","2015-11-29","2015020354","20152016","DET","0",44.78,66.67,48.89,42.11,44.59,45.85,2,1,22,23,24,33,33,41,1.37,1.62,1,-1,-9,-8,-0.25
"FLA","2015-12-01","2015020363","20152016","STL","0",51.92,75,45.83,41.18,40,51.46,3,1,22,26,28,40,36,54,1.35,1.27,2,-4,-12,-18,0.08
"FLA","2015-12-03","2015020378","20152016","NSH","0",51.73,50,34.88,29.23,27.59,34.95,1,1,15,28,19,46,24,63,0.99,1.84,0,-13,-27,-39,-0.85
"FLA","2015-12-04","2015020383","20152016","CBJ","0",52.9,50,58.54,53.33,53.66,55.83,1,1,24,17,32,28,44,38,2.02,1.6,0,7,4,6,0.42
"FLA","2015-12-06","2015020400","20152016","N.J","0",48.85,33.33,63.04,60.71,62.69,56.67,2,4,29,17,34,22,42,25,2.21,1.69,-2,12,12,17,0.52
"FLA","2015-12-08","2015020412","20152016","OTT","1",47.72,66.67,60,51.06,53.03,50.93,2,1,18,12,24,23,35,31,1.32,1.27,1,6,1,4,0.05
"FLA","2015-12-10","2015020423","20152016","WSH","1",41.82,100,63.64,57.69,53.52,56.95,2,0,21,12,30,22,38,33,1.51,1.14,2,9,8,5,0.37
"FLA","2015-12-12","2015020435","20152016","BOS","0",56.37,50,56.25,53.03,52.27,44.39,1,1,27,21,35,31,46,42,1.24,1.55,0,6,4,4,-0.31
"FLA","2015-12-15","2015020454","20152016","NYI","0",45.37,80,37.5,34.43,34.78,48.56,4,1,15,25,21,40,24,45,2.28,2.42,3,-10,-19,-21,-0.14
"FLA","2015-12-17","2015020467","20152016","N.J","0",49.42,100,62.86,61.36,58,72.67,3,0,22,13,27,17,29,21,1.69,0.64,3,9,10,8,1.05
"FLA","2015-12-18","2015020479","20152016","CAR","0",47.28,100,45.71,43.64,44.44,37.15,1,0,16,19,24,31,32,40,1.06,1.79,1,-3,-7,-8,-0.73
"FLA","2015-12-20","2015020493","20152016","VAN","1",56.8,33.33,55.07,56.32,58.16,61.35,2,4,38,31,49,38,57,41,2.58,1.63,-2,7,11,16,0.95
"FLA","2015-12-22","2015020511","20152016","OTT","1",52.17,100,65,62.07,64.86,64.42,1,0,26,14,36,22,48,26,2.13,1.18,1,12,14,22,0.95
"FLA","2015-12-27","2015020527","20152016","CBJ","1",42.22,75,64.29,58.14,58.62,61.43,3,1,18,10,25,18,34,24,1.35,0.85,2,8,7,10,0.5
"FLA","2015-12-29","2015020545","20152016","MTL","1",47.15,100,56,59.09,60.81,70.27,2,0,28,22,39,27,45,29,2.25,0.95,2,6,12,16,1.3
"FLA","2016-01-02","2015020572","20152016","NYR","1",45.8,100,28.26,33.82,31.71,35.97,2,0,13,33,23,45,26,56,1.4,2.49,2,-20,-22,-30,-1.09
"FLA","2016-01-03","2015020580","20152016","MIN","1",39.73,66.67,43.14,41.67,44.29,49.75,2,1,22,29,25,35,31,39,1.72,1.74,1,-7,-10,-8,-0.02
"FLA","2016-01-05","2015020589","20152016","BUF","0",51.68,100,52,50.75,49.41,56.87,4,0,26,24,34,33,42,43,1.73,1.31,4,2,1,-1,0.42
"FLA","2016-01-07","2015020602","20152016","OTT","0",48.53,60,41.03,38.18,38.64,41.99,3,2,16,23,21,34,34,54,1.26,1.75,1,-7,-13,-20,-0.48
"FLA","2016-01-10","2015020629","20152016","EDM","0",52.18,66.67,43.33,39.62,38.82,51.49,2,1,13,17,21,32,33,52,1.4,1.32,1,-4,-11,-19,0.08
"FLA","2016-01-11","2015020632","20152016","VAN","0",54.08,50,54,54.84,52.44,62.9,2,2,27,23,34,28,43,39,2.04,1.2,0,4,6,4,0.83
"FLA","2016-01-13","2015020644","20152016","CGY","0",52,0,34.88,44.62,48.89,42.04,0,6,15,28,29,36,44,46,1.16,1.6,-6,-13,-7,-2,-0.44
"FLA","2016-01-17","2015020672","20152016","T.B","0",46.03,33.33,44.68,45.45,43.9,35.71,1,2,21,26,30,36,36,46,1.42,2.55,-1,-5,-6,-10,-1.13
"FLA","2016-01-18","2015020677","20152016","EDM","1",51.9,33.33,56,56.06,54.43,55.15,2,4,28,22,37,29,43,36,1.73,1.41,-2,6,8,7,0.32
"FLA","2016-01-22","2015020707","20152016","CHI","1",49.37,100,50,50,50.72,61.46,4,0,23,23,28,28,35,34,2.18,1.36,4,0,0,1,0.81
"FLA","2016-01-23","2015020714","20152016","T.B","1",36.88,75,52.08,50.88,47.69,56.73,3,1,25,23,29,28,31,34,1.96,1.49,2,2,1,-3,0.46
"FLA","2016-01-26","2015020736","20152016","TOR","1",47.15,75,46.34,49.12,43.66,59.08,3,1,19,22,28,29,31,40,1.91,1.32,2,-3,-1,-9,0.59
"FLA","2016-02-02","2015020749","20152016","WSH","0",44.27,50,33.33,35.19,32.31,40.61,2,2,14,28,19,35,21,44,1.27,1.86,0,-14,-16,-23,-0.59
"FLA","2016-02-04","2015020764","20152016","DET","1",40.75,75,54.76,55.77,50,51.86,3,1,23,19,29,23,34,34,1.32,1.23,2,4,6,0,0.09
"FLA","2016-02-06","2015020781","20152016","PIT","1",46.2,0,56.9,48,46.07,43.28,0,1,33,25,36,39,41,48,1.44,1.89,-1,8,-3,-7,-0.45
"FLA","2016-02-08","2015020793","20152016","DET","0",43.75,0,40.48,46.27,45.83,30.55,0,2,17,25,31,36,33,39,1.41,3.21,-2,-8,-5,-6,-1.8
"FLA","2016-02-09","2015020795","20152016","BUF","0",51.23,75,56.36,52.24,50,48.63,6,2,31,24,35,32,42,42,1.49,1.58,4,7,3,0,-0.08
"FLA","2016-02-12","2015020823","20152016","STL","1",51.03,42.86,52.73,56.34,54.88,49.28,3,4,29,26,40,31,45,37,2.31,2.37,-1,3,9,8,-0.07
"FLA","2016-02-13","2015020827","20152016","NSH","1",47.7,0,50,49.06,45.71,51.95,0,2,19,19,26,27,32,38,1.49,1.38,-2,0,-1,-6,0.11
"FLA","2016-02-15","2015020842","20152016","PIT","1",55.05,50,46.94,45.45,45.65,37.03,1,1,23,26,30,36,42,50,1.59,2.7,0,-3,-6,-8,-1.11
"FLA","2016-02-18","2015020863","20152016","S.J","1",55.33,50,53.33,41.51,40.85,51.28,1,1,16,14,22,31,29,42,1.4,1.33,0,2,-9,-13,0.07
"FLA","2016-02-20","2015020877","20152016","WPG","1",48.17,100,54.9,59.42,56.67,67.68,2,0,28,23,41,28,51,39,2.77,1.32,2,5,13,12,1.45
"FLA","2016-02-25","2015020909","20152016","ARI","1",46.92,66.67,51.52,50.98,52.24,65.15,2,1,17,16,26,25,35,32,1.98,1.06,1,1,1,3,0.92
"FLA","2016-02-27","2015020923","20152016","CBJ","0",47.98,50,52.5,52.24,52.22,59.51,2,2,21,19,35,32,47,43,3.34,2.27,0,2,3,4,1.07
"FLA","2016-02-28","2015020932","20152016","MIN","0",47.32,0,42.11,41.67,47.44,36.87,0,2,16,22,25,35,37,41,0.92,1.58,-2,-6,-10,-4,-0.66
"FLA","2016-03-01","2015020949","20152016","WPG","0",48.52,50,39.02,39.29,42.31,30.49,2,2,16,25,22,34,33,45,1.14,2.59,0,-9,-12,-12,-1.46
"FLA","2016-03-03","2015020962","20152016","COL","0",47.88,50,60,62.69,65.52,63.13,2,2,33,22,42,25,57,30,2.15,1.25,0,11,17,27,0.89
"FLA","2016-03-05","2015020978","20152016","ARI","0",45.8,25,56.25,58.33,58.89,50.43,1,3,27,21,42,30,53,37,2.03,1.99,-2,6,12,16,0.03
"FLA","2016-03-07","2015020988","20152016","BOS","1",53.82,37.5,60,59.52,58.42,67.03,3,5,42,28,50,34,59,42,3.39,1.67,-2,14,16,17,1.72
"FLA","2016-03-10","2015021010","20152016","OTT","1",52,75,53.57,47.3,45.45,58.74,6,2,30,26,35,39,40,48,2.98,2.1,4,4,-4,-8,0.89
"FLA","2016-03-12","2015021023","20152016","PHI","1",51.7,50,58.14,53.23,50.63,53.07,3,3,25,18,33,29,40,39,1.42,1.25,0,7,4,1,0.16
"FLA","2016-03-14","2015021033","20152016","NYI","0",51.77,25,45.65,43.84,47.06,37.4,1,3,21,25,32,41,48,54,1.63,2.73,-2,-4,-9,-6,-1.1
"FLA","2016-03-15","2015021043","20152016","MTL","0",55.03,75,50.88,50.7,50.52,59.42,3,1,29,28,36,35,49,48,2.35,1.61,2,1,1,1,0.75
"FLA","2016-03-17","2015021056","20152016","TOR","0",46.93,50,47.17,50,46.79,58.65,1,1,25,28,41,41,51,58,1.99,1.4,0,-3,0,-7,0.59
"FLA","2016-03-19","2015021072","20152016","DET","1",50.2,60,46.34,50,52.7,52.67,3,2,19,22,31,31,39,35,1.85,1.66,1,-3,0,4,0.19
"FLA","2016-03-21","2015021086","20152016","NYR","0",55.28,50,46.15,47.62,51.16,48.48,1,1,24,28,30,33,44,42,2.1,2.23,0,-4,-3,2,-0.13
"FLA","2016-03-24","2015021101","20152016","BOS","0",42.42,66.67,48.08,51.67,51.32,53.38,2,1,25,27,31,29,39,37,1.35,1.18,1,-2,2,2,0.17
"FLA","2016-03-26","2015021122","20152016","T.B","0",41.78,100,45.45,47.37,48,44.5,3,0,20,24,27,30,36,39,1.29,1.61,3,-4,-3,-3,-0.32
"FLA","2016-03-29","2015021144","20152016","TOR","1",46.08,100,66.67,65.57,63.77,71.53,2,0,30,15,40,21,44,25,1.84,0.73,2,15,19,19,1.11
"FLA","2016-03-31","2015021157","20152016","N.J","1",42.8,100,66.67,62.07,65.22,74.55,3,0,30,15,36,22,45,24,2.2,0.75,3,15,14,21,1.45
"FLA","2016-04-02","2015021172","20152016","MTL","1",54.38,50,55,54.67,53.93,62.67,3,3,33,27,41,34,48,41,2.53,1.51,0,6,7,7,1.02
"FLA","2016-04-04","2015021185","20152016","TOR","0",45.37,66.67,58.7,56.34,57.47,55.91,4,2,27,19,40,31,50,37,1.79,1.41,2,8,9,13,0.38
"FLA","2016-04-05","2015021192","20152016","MTL","0",41.52,100,44.74,39.22,40.91,39.96,2,0,17,21,20,31,27,39,1.31,1.96,2,-4,-11,-12,-0.66
"FLA","2016-04-07","2015021208","20152016","OTT","0",52.77,33.33,54.76,43.1,48.15,37.98,1,2,23,19,25,33,39,42,0.77,1.26,-1,4,-8,-3,-0.49
"FLA","2016-04-09","2015021221","20152016","CAR","1",52.08,80,46.51,46.43,46.38,42.54,4,1,20,23,26,30,32,37,1.38,1.87,3,-3,-4,-5,-0.49
"FLA","Total","-","20152016","-","-",48.87,56.31,49.68,49.19,48.99,49.87,165,128,1878,1902,2546,2630,3234,3368,141.68,142.41,37,-24,-84,-134,-0.72
