"Team","Date","Game_ID","Season","Opponent","Is_Home","TOI","GIVE","TAKE","HF","HA","PENT2","PEND2","PENT5","PEND5","PEN±","FOW","FOL","FO±"
"FLA","2019-10-03","2019020005","20192020","T.B","0",46.73,6,6,14,15,2,4,0,0,2,18,30,-12
"FLA","2019-10-05","2019020021","20192020","T.B","1",52.63,10,7,26,23,2,3,0,0,1,20,24,-4
"FLA","2019-10-08","2019020036","20192020","CAR","1",43.28,9,9,13,12,5,5,0,0,0,22,19,3
"FLA","2019-10-11","2019020058","20192020","BUF","0",54.63,7,2,13,14,4,1,0,0,-3,19,31,-12
"FLA","2019-10-12","2019020067","20192020","NYI","0",58.25,18,2,28,23,0,2,1,1,2,28,26,2
"FLA","2019-10-14","2019020080","20192020","N.J","0",46.5,4,5,28,19,2,3,0,0,1,19,22,-3
"FLA","2019-10-18","2019020107","20192020","COL","1",48.87,13,11,16,19,3,2,0,0,-1,22,20,2
"FLA","2019-10-19","2019020121","20192020","NSH","0",55.05,5,8,8,14,4,1,0,0,-3,19,25,-6
"FLA","2019-10-22","2019020135","20192020","PIT","1",55.32,20,7,30,11,1,1,0,0,0,15,23,-8
"FLA","2019-10-24","2019020153","20192020","CGY","0",56.1,9,10,13,15,3,1,1,1,-2,18,31,-13
"FLA","2019-10-27","2019020170","20192020","EDM","0",51.82,11,6,11,21,3,1,0,0,-2,24,21,3
"FLA","2019-10-28","2019020178","20192020","VAN","0",51.95,2,3,16,17,2,2,0,0,0,20,25,-5
"FLA","2019-10-30","2019020191","20192020","COL","0",49.2,3,7,14,14,3,4,1,1,1,23,23,0
"FLA","2019-11-02","2019020208","20192020","DET","1",51.27,15,5,16,13,2,2,0,0,0,28,20,8
"FLA","2019-11-07","2019020238","20192020","WSH","1",45.68,10,13,5,15,3,2,0,0,-1,18,26,-8
"FLA","2019-11-09","2019020252","20192020","NYI","0",44.4,11,7,4,18,2,3,0,0,1,20,21,-1
"FLA","2019-11-10","2019020263","20192020","NYR","0",52.55,18,11,26,24,4,3,1,1,-1,32,10,22
"FLA","2019-11-12","2019020272","20192020","BOS","0",53.6,9,9,25,20,4,6,0,0,2,19,19,0
"FLA","2019-11-14","2019020288","20192020","WPG","1",52,13,15,16,17,0,3,0,0,3,29,17,12
"FLA","2019-11-16","2019020306","20192020","NYR","1",50.03,10,8,15,17,0,3,0,0,3,29,22,7
"FLA","2019-11-19","2019020319","20192020","PHI","1",48.57,11,10,14,14,3,4,0,0,1,21,19,2
"FLA","2019-11-21","2019020334","20192020","ANA","1",58.15,17,15,17,22,1,1,0,0,0,32,29,3
"FLA","2019-11-23","2019020355","20192020","CAR","0",50.78,9,4,22,21,1,1,0,0,0,21,17,4
"FLA","2019-11-24","2019020362","20192020","BUF","1",47.65,6,9,12,18,1,2,0,0,1,21,17,4
"FLA","2019-11-27","2019020383","20192020","WSH","0",50.45,6,6,10,25,2,4,0,0,2,25,14,11
"FLA","2019-11-30","2019020408","20192020","NSH","1",48.12,8,9,19,21,3,3,0,0,0,21,23,-2
"FLA","2019-12-03","2019020426","20192020","MIN","1",50.17,12,8,12,27,1,3,0,0,2,25,20,5
"FLA","2019-12-07","2019020457","20192020","CBJ","1",47.62,12,9,12,16,2,4,1,1,2,22,16,6
"FLA","2019-12-08","2019020464","20192020","S.J","1",50.15,4,7,16,21,2,4,1,1,2,15,16,-1
"FLA","2019-12-10","2019020473","20192020","T.B","1",47.95,20,10,19,23,1,2,0,0,1,24,27,-3
"FLA","2019-12-12","2019020489","20192020","NYI","1",47.48,8,10,15,18,4,3,1,1,-1,22,23,-1
"FLA","2019-12-14","2019020508","20192020","BOS","1",49.75,10,9,20,17,4,2,0,0,-2,22,33,-11
"FLA","2019-12-16","2019020519","20192020","OTT","1",48.53,21,12,21,29,2,6,0,0,4,21,24,-3
"FLA","2019-12-20","2019020548","20192020","DAL","1",51.33,19,11,14,23,1,4,0,0,3,28,23,5
"FLA","2019-12-21","2019020559","20192020","CAR","0",46.47,6,6,14,10,4,5,0,0,1,24,25,-1
"FLA","2019-12-23","2019020572","20192020","T.B","0",49.45,8,5,24,16,3,2,0,0,-1,26,21,5
"FLA","2019-12-28","2019020595","20192020","DET","1",49.68,18,13,29,22,3,3,0,0,0,17,35,-18
"FLA","2019-12-29","2019020608","20192020","MTL","1",45.13,11,8,12,21,1,3,0,0,2,23,25,-2
"FLA","2019-12-31","2019020619","20192020","CBJ","0",49.33,5,4,14,11,4,3,0,0,-1,25,17,8
"FLA","2020-01-02","2019020632","20192020","OTT","0",50.23,11,7,19,34,3,3,0,0,0,23,22,1
"FLA","2020-01-04","2019020645","20192020","BUF","0",47.37,4,3,6,11,1,2,0,0,1,19,21,-2
"FLA","2020-01-05","2019020654","20192020","PIT","0",54.73,2,6,20,25,2,0,0,0,-2,26,20,6
"FLA","2020-01-07","2019020664","20192020","ARI","1",53.62,8,10,24,23,3,1,0,0,-2,34,28,6
"FLA","2020-01-09","2019020681","20192020","VAN","1",49.08,14,11,19,23,2,2,0,0,0,29,25,4
"FLA","2020-01-12","2019020707","20192020","TOR","1",52.2,18,10,18,6,3,2,0,0,-1,27,33,-6
"FLA","2020-01-16","2019020729","20192020","L.A","1",47.45,12,9,21,17,4,3,0,0,-1,19,14,5
"FLA","2020-01-18","2019020749","20192020","DET","0",37.45,5,1,14,12,6,5,1,1,-1,15,23,-8
"FLA","2020-01-20","2019020760","20192020","MIN","0",51.83,6,3,15,10,4,2,0,0,-2,23,23,0
"FLA","2020-01-21","2019020765","20192020","CHI","0",47.72,6,5,23,17,4,2,0,0,-2,26,24,2
"FLA","2020-02-01","2019020794","20192020","MTL","0",45.05,12,6,13,20,2,2,0,0,0,15,28,-13
"FLA","2020-02-03","2019020809","20192020","TOR","0",50.87,4,11,29,9,1,2,0,0,1,18,23,-5
"FLA","2020-02-04","2019020818","20192020","CBJ","0",55.9,2,2,15,12,1,2,0,0,1,31,24,7
"FLA","2020-02-06","2019020830","20192020","VGK","1",45.98,16,6,15,19,3,3,0,0,0,26,20,6
"FLA","2020-02-08","2019020847","20192020","PIT","1",50.8,12,7,32,24,0,3,0,0,3,27,23,4
"FLA","2020-02-10","2019020861","20192020","PHI","0",40.52,7,3,21,29,2,4,0,0,2,19,21,-2
"FLA","2020-02-11","2019020868","20192020","N.J","0",50.55,3,10,11,9,1,1,0,0,0,29,19,10
"FLA","2020-02-13","2019020883","20192020","PHI","1",53.53,9,12,22,15,4,2,0,0,-2,22,34,-12
"FLA","2020-02-15","2019020898","20192020","EDM","1",49.42,13,9,19,7,1,3,2,2,2,26,19,7
"FLA","2020-02-17","2019020917","20192020","S.J","0",47.07,4,8,10,12,3,4,0,0,1,17,30,-13
"FLA","2020-02-19","2019020931","20192020","ANA","0",54.83,9,6,15,23,2,2,0,0,0,24,23,1
"FLA","2020-02-20","2019020940","20192020","L.A","0",45.33,4,2,22,16,4,2,0,0,-2,17,31,-14
"FLA","2020-02-22","2019020957","20192020","VGK","0",49.52,3,4,15,23,2,3,0,0,1,27,28,-1
"FLA","2020-02-25","2019020979","20192020","ARI","0",54.9,3,3,25,20,0,2,0,0,2,31,26,5
"FLA","2020-02-27","2019020987","20192020","TOR","1",54.4,16,7,18,16,0,1,1,1,1,20,17,3
"FLA","2020-02-29","2019021002","20192020","CHI","1",53,12,11,11,12,3,3,0,0,0,25,24,1
"FLA","2020-03-01","2019021012","20192020","CGY","1",52.88,21,15,21,12,1,2,0,0,1,19,20,-1
"FLA","2020-03-05","2019021035","20192020","BOS","1",53.4,13,12,23,21,3,3,1,1,0,25,24,1
"FLA","2020-03-07","2019021054","20192020","MTL","1",46.67,13,12,19,26,0,1,0,0,1,29,14,15
"FLA","2020-03-09","2019021075","20192020","STL","0",52.02,6,11,11,5,2,1,0,0,-1,28,29,-1
"FLA","Total","-","20192020","-","-",50.07,682,538,1199,1224,159,179,12,12,20,1593,1589,4
