"Team","Date","Game_ID","Season","Opponent","Is_Home","TOI","GF%","SF%","FF%","CF%","xGF%","GF","GA","SF","SA","FF","FA","CF","CA","xGF","xGA","G±","S±","F±","C±","xG±"
"MIN","2019-10-03","2019020009","20192020","NSH","0",50.48,20,47.83,42.25,42.11,35.58,1,4,22,24,30,41,40,55,1.25,2.26,-3,-2,-11,-15,-1.01
"MIN","2019-10-05","2019020026","20192020","COL","0",40.8,33.33,48.89,49.12,48,49.97,1,2,22,23,28,29,36,39,1.42,1.42,-1,-1,-1,-3,0
"MIN","2019-10-10","2019020053","20192020","WPG","0",51.25,33.33,57.63,58.33,61.86,54.86,2,4,34,25,42,30,60,37,2.08,1.71,-2,9,12,23,0.37
"MIN","2019-10-12","2019020071","20192020","PIT","1",54.02,50,48.28,47.06,51.09,62.25,3,3,28,30,32,36,47,45,2.17,1.32,0,-2,-4,2,0.85
"MIN","2019-10-14","2019020079","20192020","OTT","0",39.72,100,58.54,53.7,52.63,65.03,1,0,24,17,29,25,40,36,2.35,1.27,1,7,4,4,1.09
"MIN","2019-10-15","2019020085","20192020","TOR","0",50.63,50,40.82,41.18,39.56,39.58,2,2,20,29,28,40,36,55,1.51,2.31,0,-9,-12,-19,-0.8
"MIN","2019-10-17","2019020099","20192020","MTL","0",42.6,0,30.56,36.84,45.78,20.94,0,3,11,25,21,36,38,45,0.46,1.73,-3,-14,-15,-7,-1.27
"MIN","2019-10-20","2019020125","20192020","MTL","1",48.25,50,46.43,44.58,43.24,43.17,2,2,26,30,37,46,48,63,2.16,2.84,0,-4,-9,-15,-0.68
"MIN","2019-10-22","2019020139","20192020","EDM","1",51.75,100,52.17,53.97,59.09,70.31,2,0,24,22,34,29,52,36,2.17,0.92,2,2,5,16,1.26
"MIN","2019-10-24","2019020150","20192020","NSH","0",53.92,0,56.1,57.14,55.43,57.47,0,3,23,18,36,27,51,41,1.76,1.3,-3,5,9,10,0.46
"MIN","2019-10-26","2019020167","20192020","L.A","1",48.95,83.33,50,47.69,44.32,65.83,5,1,23,23,31,34,39,49,2.01,1.04,4,0,-3,-10,0.96
"MIN","2019-10-29","2019020186","20192020","DAL","0",47.87,20,34.15,37.1,42.68,36.47,1,4,14,27,23,39,35,47,1.1,1.91,-3,-13,-16,-12,-0.81
"MIN","2019-10-30","2019020190","20192020","STL","0",48.33,33.33,60.87,59.32,58.11,69.3,1,2,28,18,35,24,43,31,2.42,1.07,-1,10,11,12,1.35
"MIN","2019-11-02","2019020213","20192020","STL","1",52.97,33.33,44.9,46.88,44.83,40.82,2,4,22,27,30,34,39,48,1.09,1.59,-2,-5,-4,-9,-0.49
"MIN","2019-11-05","2019020233","20192020","ANA","0",50.53,60,45.65,48.72,47.12,38.99,3,2,21,25,38,40,49,55,1.46,2.28,1,-4,-2,-6,-0.82
"MIN","2019-11-07","2019020247","20192020","S.J","0",47.35,55.56,44.19,48.39,54.22,50.33,5,4,19,24,30,32,45,38,1.97,1.95,1,-5,-2,7,0.03
"MIN","2019-11-09","2019020259","20192020","ARI","0",52.88,50,40.82,45.83,44.44,60.34,3,3,20,29,33,39,40,50,2.21,1.46,0,-9,-6,-10,0.76
"MIN","2019-11-12","2019020279","20192020","L.A","0",49.98,33.33,47.37,48.78,51.85,52.97,1,2,27,30,40,42,56,52,2.83,2.51,-1,-3,-2,4,0.32
"MIN","2019-11-14","2019020289","20192020","ARI","1",47.33,50,58.49,53.85,54.67,68.16,2,2,31,22,35,30,41,34,2.18,1.02,0,9,5,7,1.16
"MIN","2019-11-16","2019020299","20192020","CAR","1",51.12,33.33,58.82,58.82,57.65,59.42,2,4,30,21,40,28,49,36,1.8,1.23,-2,9,12,13,0.57
"MIN","2019-11-19","2019020318","20192020","BUF","0",42.37,100,43.24,42.31,39.68,58.61,2,0,16,21,22,30,25,38,1.22,0.86,2,-5,-8,-13,0.36
"MIN","2019-11-21","2019020340","20192020","COL","1",45.73,66.67,51.11,52.31,52.38,55.26,2,1,23,22,34,31,44,40,2.01,1.63,1,1,3,4,0.38
"MIN","2019-11-23","2019020351","20192020","BOS","0",44.85,40,42.31,42.86,38.82,55.36,2,3,22,30,27,36,33,52,1.73,1.39,-1,-8,-9,-19,0.33
"MIN","2019-11-25","2019020366","20192020","NYR","0",52.87,50,50.98,49.28,47.42,51.79,2,2,26,25,34,35,46,51,1.89,1.76,0,1,-1,-5,0.13
"MIN","2019-11-26","2019020375","20192020","N.J","0",50.08,66.67,47.27,51.43,51.65,55.17,2,1,26,29,36,34,47,44,1.72,1.39,1,-3,2,3,0.32
"MIN","2019-11-29","2019020395","20192020","OTT","1",53.43,75,50,47.67,49.53,54.55,6,2,32,32,41,45,53,54,2.42,2.02,4,0,-4,-1,0.4
"MIN","2019-12-01","2019020416","20192020","DAL","1",55.72,0,51.16,51.72,48.28,54.64,0,1,22,21,30,28,42,45,1.26,1.04,-1,1,2,-3,0.21
"MIN","2019-12-03","2019020426","20192020","FLA","0",50.17,75,36.36,35.37,39.18,36.51,3,1,24,42,29,53,38,59,1.53,2.66,2,-18,-24,-21,-1.13
"MIN","2019-12-05","2019020440","20192020","T.B","0",46.75,62.5,41.03,39.29,41.46,49.46,5,3,16,23,22,34,34,48,1.55,1.58,2,-7,-12,-14,-0.03
"MIN","2019-12-07","2019020458","20192020","CAR","0",49.25,40,40.74,40.58,41.67,51.41,2,3,22,32,28,41,35,49,2.57,2.43,-1,-10,-13,-14,0.14
"MIN","2019-12-10","2019020476","20192020","ANA","1",49.95,66.67,41.86,41.54,40.74,47.55,2,1,18,25,27,38,33,48,1.08,1.19,1,-7,-11,-15,-0.11
"MIN","2019-12-12","2019020493","20192020","EDM","1",56.02,66.67,45.45,49.38,49.04,58.59,6,3,25,30,40,41,51,53,1.75,1.24,3,-5,-1,-2,0.51
"MIN","2019-12-14","2019020510","20192020","PHI","1",45.95,75,58.97,61.54,52.94,74.54,3,1,23,16,32,20,36,32,1.98,0.68,2,7,12,4,1.3
"MIN","2019-12-15","2019020517","20192020","CHI","0",55.45,40,52.08,59.38,56.7,47.12,2,3,25,23,38,26,55,42,1.61,1.8,-1,2,12,13,-0.2
"MIN","2019-12-17","2019020533","20192020","VGK","0",46.7,0,38.1,40.62,42.7,30.42,0,3,16,26,26,38,38,51,1.09,2.5,-3,-10,-12,-13,-1.41
"MIN","2019-12-19","2019020546","20192020","ARI","0",47.68,70,47.46,46.15,43,54.9,7,3,28,31,36,42,43,57,2.6,2.14,4,-3,-6,-14,0.47
"MIN","2019-12-21","2019020554","20192020","WPG","1",50.98,0,51.02,57.38,55.42,44.13,0,4,25,24,35,26,46,37,1.29,1.64,-4,1,9,9,-0.34
"MIN","2019-12-23","2019020570","20192020","CGY","1",56.93,100,62.26,56.98,54.05,52.25,2,0,33,20,49,37,60,51,2.02,1.84,2,13,12,9,0.17
"MIN","2019-12-27","2019020588","20192020","COL","0",50.83,50,48.44,46.67,47.87,51.81,4,4,31,33,35,40,45,49,2.41,2.24,0,-2,-5,-4,0.17
"MIN","2019-12-29","2019020605","20192020","NYI","1",48.65,25,47.92,54.69,53.33,62.37,1,3,23,25,35,29,48,42,1.79,1.08,-2,-2,6,6,0.71
"MIN","2019-12-31","2019020616","20192020","TOR","1",47.77,0,44.44,40.62,45.35,44.59,0,2,20,25,26,38,39,47,1.31,1.62,-2,-5,-12,-8,-0.32
"MIN","2020-01-04","2019020643","20192020","WPG","1",48.37,100,67.92,61.43,60.44,76.67,2,0,36,17,43,27,55,36,2.49,0.76,2,19,16,19,1.73
"MIN","2020-01-05","2019020656","20192020","CGY","1",55.95,60,47.54,43.68,45.45,44.36,3,2,29,32,38,49,55,66,2.04,2.56,1,-3,-11,-11,-0.52
"MIN","2020-01-09","2019020685","20192020","CGY","0",49.92,0,58.46,62.22,61.68,63.51,0,1,38,27,56,34,66,41,3.06,1.76,-1,11,22,25,1.3
"MIN","2020-01-12","2019020704","20192020","VAN","1",41.23,33.33,36.67,46.94,48.61,54.59,1,2,11,19,23,26,35,37,1.97,1.64,-1,-8,-3,-2,0.33
"MIN","2020-01-14","2019020718","20192020","PIT","0",50.78,28.57,48.94,46.67,50,36.09,2,5,23,24,28,32,34,34,1.35,2.4,-3,-1,-4,0,-1.04
"MIN","2020-01-16","2019020736","20192020","T.B","1",46.5,66.67,51.72,48.15,44.44,45.63,2,1,15,14,26,28,32,40,1.39,1.66,1,1,-2,-8,-0.27
"MIN","2020-01-18","2019020753","20192020","DAL","1",53.1,100,54.17,48.53,46.67,50.1,4,0,26,22,33,35,42,48,1.37,1.36,4,4,-2,-6,0.01
"MIN","2020-01-20","2019020760","20192020","FLA","1",51.83,20,53.33,52.38,56.25,47.02,1,4,24,21,33,30,45,35,1.55,1.75,-3,3,3,10,-0.2
"MIN","2020-01-22","2019020767","20192020","DET","1",53.53,80,62.26,67.12,63.16,82.59,4,1,33,20,49,24,60,35,2.82,0.6,3,13,25,25,2.23
"MIN","2020-02-01","2019020801","20192020","BOS","1",47.6,25,46.51,47.62,47.06,45.92,1,3,20,23,30,33,40,45,1.16,1.36,-2,-3,-3,-5,-0.21
"MIN","2020-02-04","2019020821","20192020","CHI","1",56.13,50,55.36,57.83,54.37,61.84,2,2,31,25,48,35,56,47,3.05,1.88,0,6,13,9,1.17
"MIN","2020-02-06","2019020835","20192020","VAN","1",46.47,100,57.14,54.79,50.49,63.04,2,0,28,21,40,33,52,51,2.24,1.31,2,7,7,1,0.93
"MIN","2020-02-07","2019020842","20192020","DAL","0",47.33,75,50,50,49.45,57.6,3,1,22,22,31,31,45,46,1.74,1.28,2,0,0,-1,0.46
"MIN","2020-02-09","2019020859","20192020","COL","1",49.03,0,50.94,53.12,53.54,49.15,0,1,27,26,34,30,53,46,1.52,1.58,-1,1,4,7,-0.05
"MIN","2020-02-11","2019020871","20192020","VGK","1",43.75,100,44.44,45.45,41.1,53.71,1,0,16,20,25,30,30,43,1.33,1.15,1,-4,-5,-13,0.18
"MIN","2020-02-13","2019020887","20192020","NYR","1",57.92,60,44.23,47.3,45.63,55.57,3,2,23,29,35,39,47,56,2.2,1.76,1,-6,-4,-9,0.44
"MIN","2020-02-15","2019020899","20192020","S.J","1",48.1,0,69.23,65.71,64.89,62.51,0,1,36,16,46,24,61,33,1.42,0.85,-1,20,22,28,0.57
"MIN","2020-02-19","2019020932","20192020","VAN","0",58.67,50,45.9,46.84,48.33,42.22,3,3,28,33,37,42,58,62,2.18,2.98,0,-5,-5,-4,-0.8
"MIN","2020-02-21","2019020946","20192020","EDM","0",51.5,57.14,58.93,57.14,47.66,66.71,4,3,33,23,40,30,51,56,2.36,1.18,1,10,10,-5,1.18
"MIN","2020-02-23","2019020964","20192020","STL","1",47.78,25,56.82,57.63,64.44,44.09,1,3,25,19,34,25,58,32,1.41,1.79,-2,6,9,26,-0.38
"MIN","2020-02-25","2019020978","20192020","CBJ","1",52.42,55.56,61.29,59.76,62.5,57.89,5,4,38,24,49,33,65,39,3.38,2.46,1,14,16,26,0.92
"MIN","2020-02-27","2019020989","20192020","DET","0",45.8,85.71,47.73,42.47,37.78,58.6,6,1,21,23,31,42,34,56,2.08,1.47,5,-2,-11,-22,0.61
"MIN","2020-02-28","2019020995","20192020","CBJ","0",50.97,100,48.84,50,50,69.75,4,0,21,22,32,32,47,47,1.85,0.8,4,-1,0,0,1.05
"MIN","2020-03-01","2019021014","20192020","WSH","1",48.63,25,55.17,51.35,53.12,40.48,1,3,32,26,38,36,51,45,1.45,2.14,-2,6,2,6,-0.68
"MIN","2020-03-03","2019021023","20192020","NSH","1",40.28,100,48.84,46.77,47.13,71.69,3,0,21,22,29,33,41,46,2.33,0.92,3,-1,-4,-5,1.41
"MIN","2020-03-05","2019021042","20192020","S.J","0",50.33,75,41.94,37.8,37.74,38.34,3,1,26,36,31,51,40,66,1.64,2.63,2,-10,-20,-26,-0.99
"MIN","2020-03-07","2019021052","20192020","L.A","0",45.33,37.5,46.81,49.21,50,55.04,3,5,22,25,31,32,43,43,2.43,1.99,-2,-3,-1,0,0.45
"MIN","2020-03-08","2019021063","20192020","ANA","0",52.45,50,52.27,42.03,40.86,43.5,3,3,23,21,29,40,38,55,1.67,2.17,0,2,-11,-17,-0.5
"MIN","Total","-","20192020","-","-",49.57,51.96,49.96,49.72,49.54,53.02,159,147,1693,1696,2333,2359,3109,3167,128.75,114.07,12,-3,-26,-58,14.67
