"Team","Date","Game_ID","Season","Opponent","Is_Home","TOI","GF%","SF%","FF%","CF%","xGF%","GF","GA","SF","SA","FF","FA","CF","CA","xGF","xGA","G±","S±","F±","C±","xG±"
"MTL","2017-10-05","2017020006","20172018","BUF","0",48.28,50,45.31,44.74,48.89,45.85,1,1,29,35,34,42,44,46,1.76,2.08,0,-6,-8,-2,-0.32
"MTL","2017-10-07","2017020022","20172018","WSH","0",46.1,0,63.83,64.62,62.96,57.01,0,5,30,17,42,23,51,30,1.84,1.39,-5,13,19,21,0.45
"MTL","2017-10-08","2017020031","20172018","NYR","0",49.33,0,63.04,65.57,68.29,58.04,0,2,29,17,40,21,56,26,2.03,1.47,-2,12,19,30,0.56
"MTL","2017-10-10","2017020041","20172018","CHI","1",44.52,33.33,56.25,56.52,61.22,63.3,1,2,27,21,39,30,60,38,2.23,1.29,-1,6,9,22,0.94
"MTL","2017-10-14","2017020063","20172018","TOR","1",53.25,33.33,60,56.25,48,47.2,2,4,30,20,36,28,48,52,1.65,1.85,-2,10,8,-4,-0.2
"MTL","2017-10-17","2017020091","20172018","S.J","0",40.38,33.33,51.35,45.28,49.38,39.42,1,2,19,18,24,29,40,41,1.08,1.65,-1,1,-5,-1,-0.58
"MTL","2017-10-18","2017020094","20172018","L.A","0",47,20,44.44,42.86,44.54,43.94,1,4,28,35,39,52,53,66,2.86,3.65,-3,-7,-13,-13,-0.79
"MTL","2017-10-20","2017020109","20172018","ANA","0",44.02,20,48.61,53.41,52.43,50.58,1,4,35,37,47,41,54,49,2.54,2.48,-3,-2,6,5,0.06
"MTL","2017-10-24","2017020130","20172018","FLA","1",50.23,75,52.83,58.46,61.05,59.45,3,1,28,25,38,27,58,37,2.13,1.45,2,3,11,21,0.68
"MTL","2017-10-26","2017020142","20172018","L.A","1",50.33,0,50,54.79,51.43,70.57,0,4,28,28,40,33,54,51,2.79,1.16,-4,0,7,3,1.62
"MTL","2017-10-28","2017020158","20172018","NYR","1",43.1,57.14,60.78,58.57,53.19,65.58,4,3,31,20,41,29,50,44,3.26,1.71,1,11,12,6,1.55
"MTL","2017-10-30","2017020173","20172018","OTT","0",47.05,85.71,51.35,50.88,51.14,63.26,6,1,19,18,29,28,45,43,2.33,1.35,5,1,1,2,0.98
"MTL","2017-11-02","2017020192","20172018","MIN","0",50.95,42.86,56,56.72,57.65,57.69,3,4,28,22,38,29,49,36,1.81,1.33,-1,6,9,13,0.48
"MTL","2017-11-04","2017020206","20172018","WPG","0",51.45,66.67,67.35,66.67,65.12,60.14,2,1,33,16,46,23,56,30,2.57,1.7,1,17,23,26,0.87
"MTL","2017-11-05","2017020215","20172018","CHI","0",45.23,100,50,46.58,47.42,48.26,2,0,28,28,34,39,46,51,1.84,1.97,2,0,-5,-5,-0.13
"MTL","2017-11-07","2017020229","20172018","VGK","1",49.65,75,46.94,47.89,43.48,57.17,3,1,23,26,34,37,40,52,2.58,1.93,2,-3,-3,-12,0.65
"MTL","2017-11-09","2017020237","20172018","MIN","1",46.17,0,54.39,49.37,49.14,60.85,0,1,31,26,39,40,57,59,2.76,1.77,-1,5,-1,-2,0.98
"MTL","2017-11-11","2017020251","20172018","BUF","1",55.92,100,47.27,49.32,51.69,39.18,1,0,26,29,36,37,46,43,1.63,2.53,1,-3,-1,3,-0.9
"MTL","2017-11-14","2017020268","20172018","CBJ","1",52.97,33.33,55.1,55.88,55.86,60.76,1,2,27,22,38,30,62,49,2.9,1.87,-1,5,8,13,1.03
"MTL","2017-11-16","2017020280","20172018","ARI","1",44.58,57.14,58.49,56.34,60,48.14,4,3,31,22,40,31,57,38,2.01,2.17,1,9,9,19,-0.16
"MTL","2017-11-18","2017020298","20172018","TOR","1",52,0,55.17,52,54.21,32.57,0,6,32,26,39,36,58,49,1.45,2.99,-6,6,3,9,-1.55
"MTL","2017-11-21","2017020318","20172018","DAL","0",45.02,0,51.11,50,47.25,45.59,0,2,23,22,34,34,43,48,2.08,2.48,-2,1,0,-5,-0.4
"MTL","2017-11-22","2017020329","20172018","NSH","0",49.97,100,42.55,42.42,42.5,57.66,1,0,20,27,28,38,34,46,2.3,1.69,1,-7,-10,-12,0.61
"MTL","2017-11-25","2017020349","20172018","BUF","1",48.4,100,40.74,42.03,38.32,46.12,1,0,22,32,29,40,41,66,1.84,2.15,1,-10,-11,-25,-0.31
"MTL","2017-11-27","2017020364","20172018","CBJ","1",44.48,50,44.19,44.26,44.83,48.92,1,1,19,24,27,34,39,48,2.02,2.11,0,-5,-7,-9,-0.09
"MTL","2017-11-29","2017020378","20172018","OTT","1",48.6,100,54.17,54.41,47.66,58,1,0,26,22,37,31,51,56,1.78,1.29,1,4,6,-5,0.49
"MTL","2017-11-30","2017020382","20172018","DET","0",48.32,80,45.45,41.82,44.59,48.28,4,1,20,24,23,32,33,41,1.3,1.39,3,-4,-9,-8,-0.09
"MTL","2017-12-02","2017020398","20172018","DET","1",54.65,88.89,56.6,51.52,51.09,67.42,8,1,30,23,34,32,47,45,3.17,1.53,7,7,2,2,1.64
"MTL","2017-12-05","2017020418","20172018","STL","1",51.02,42.86,44.68,47.62,46.32,44.33,3,4,21,26,30,33,44,51,1.5,1.88,-1,-5,-3,-7,-0.38
"MTL","2017-12-07","2017020432","20172018","CGY","1",52.25,40,50,51.61,51.94,41.11,2,3,33,33,48,45,67,62,1.79,2.57,-1,0,3,5,-0.78
"MTL","2017-12-09","2017020445","20172018","EDM","1",49.68,0,38.46,38.67,48.15,31.19,0,4,20,32,29,46,52,56,1.27,2.81,-4,-12,-17,-4,-1.54
"MTL","2017-12-14","2017020482","20172018","N.J","1",50.53,100,60.34,56.96,59.29,45.94,2,0,35,23,45,34,67,46,1.54,1.81,2,12,11,21,-0.27
"MTL","2017-12-16","2017020498","20172018","OTT","0",49.47,0,43.48,41.67,46.67,38.8,0,2,20,26,25,35,42,48,0.68,1.07,-2,-6,-10,-6,-0.39
"MTL","2017-12-19","2017020524","20172018","VAN","0",49.35,66.67,46.43,43.66,42.55,50.17,4,2,26,30,31,40,40,54,1.98,1.96,2,-4,-9,-14,0.01
"MTL","2017-12-22","2017020541","20172018","CGY","0",53.48,75,63.46,54.32,50.5,56.64,3,1,33,19,44,37,51,50,3.75,2.87,2,14,7,1,0.88
"MTL","2017-12-23","2017020552","20172018","EDM","0",51.27,0,48.08,43.24,48.11,30.26,0,2,25,27,32,42,51,55,1.46,3.37,-2,-2,-10,-4,-1.91
"MTL","2017-12-27","2017020563","20172018","CAR","0",52.57,50,41.67,43.08,43.18,44.86,1,1,20,28,28,37,38,50,1.59,1.95,0,-8,-9,-12,-0.36
"MTL","2017-12-28","2017020570","20172018","T.B","0",41.1,0,42.86,49.18,51.19,44.09,0,2,18,24,30,31,43,41,1.38,1.75,-2,-6,-1,2,-0.37
"MTL","2017-12-30","2017020588","20172018","FLA","0",51.43,0,53.12,51.9,54.37,57.26,0,2,34,30,41,38,56,47,2.37,1.77,-2,4,3,9,0.6
"MTL","2018-01-02","2017020606","20172018","S.J","1",46.62,0,48,46.15,49.41,39.5,0,3,24,26,30,35,42,43,1.36,2.08,-3,-2,-5,-1,-0.72
"MTL","2018-01-04","2017020620","20172018","T.B","1",60.43,50,45,44.21,49.29,45.08,1,1,36,44,42,53,69,71,2.59,3.16,0,-8,-11,-2,-0.57
"MTL","2018-01-07","2017020648","20172018","VAN","1",49.92,60,54.41,54.88,58.47,65.89,3,2,37,31,45,37,69,49,2.95,1.53,1,6,8,20,1.42
"MTL","2018-01-13","2017020672","20172018","BOS","1",57.75,50,47.46,56.41,53.85,56.78,2,2,28,31,44,34,56,48,3.16,2.41,0,-3,10,8,0.76
"MTL","2018-01-15","2017020686","20172018","NYI","1",50.73,42.86,68.66,65.52,60.17,59.44,3,4,46,21,57,30,71,47,3.08,2.1,-1,25,27,24,0.98
"MTL","2018-01-17","2017020693","20172018","BOS","0",51.85,33.33,40.91,42.37,39.53,47.91,1,2,18,26,25,34,34,52,1.17,1.28,-1,-8,-9,-18,-0.1
"MTL","2018-01-19","2017020706","20172018","WSH","0",46,100,50,53.33,54.95,59.57,1,0,15,15,32,28,50,41,2.24,1.52,1,0,4,9,0.72
"MTL","2018-01-20","2017020712","20172018","BOS","1",51.02,25,45.65,46.55,43.33,54,1,3,21,25,27,31,39,51,1.61,1.37,-2,-4,-4,-12,0.24
"MTL","2018-01-23","2017020734","20172018","COL","1",43.97,50,58.97,59.18,56.34,63.52,2,2,23,16,29,20,40,31,1.57,0.9,0,7,9,9,0.67
"MTL","2018-01-25","2017020749","20172018","CAR","1",50.55,44.44,52,50,45.74,44.3,4,5,26,24,31,31,43,51,2.07,2.6,-1,2,0,-8,-0.53
"MTL","2018-01-30","2017020767","20172018","STL","0",49.62,0,56.86,53.73,50.96,54.46,0,1,29,22,36,31,53,51,1.92,1.6,-1,7,5,2,0.31
"MTL","2018-02-01","2017020780","20172018","CAR","0",52,0,47.92,48.1,48.08,45.09,0,2,23,25,38,41,50,54,1.83,2.23,-2,-2,-3,-4,-0.4
"MTL","2018-02-03","2017020792","20172018","ANA","1",43.68,66.67,30.61,30.16,30.53,36.99,2,1,15,34,19,44,29,66,1.13,1.93,1,-19,-25,-37,-0.8
"MTL","2018-02-04","2017020806","20172018","OTT","1",53.52,66.67,57.14,56.94,54.55,79.01,2,1,32,24,41,31,60,50,3.1,0.82,1,8,10,10,2.28
"MTL","2018-02-08","2017020828","20172018","PHI","0",48.52,33.33,53.66,58.62,60.26,59,1,2,22,19,34,24,47,31,2.57,1.78,-1,3,10,16,0.78
"MTL","2018-02-10","2017020845","20172018","NSH","1",52.07,33.33,58.33,57.3,54.76,67.9,1,2,42,30,51,38,69,57,4.55,2.15,-1,12,13,12,2.4
"MTL","2018-02-14","2017020877","20172018","COL","0",46,0,61.02,61.73,57.43,62.55,0,2,36,23,50,31,58,43,2.41,1.44,-2,13,19,15,0.97
"MTL","2018-02-15","2017020887","20172018","ARI","0",53.05,25,65.96,70.13,64.91,76.92,1,3,31,16,54,23,74,40,3.07,0.92,-2,15,31,34,2.15
"MTL","2018-02-17","2017020900","20172018","VGK","0",54.6,28.57,54.24,58.23,58.72,60.47,2,5,32,27,46,33,64,45,1.88,1.23,-3,5,13,19,0.65
"MTL","2018-02-20","2017020920","20172018","PHI","0",56.8,66.67,46.43,45.78,43.55,48.01,2,1,26,30,38,45,54,70,2.26,2.45,1,-4,-7,-16,-0.19
"MTL","2018-02-22","2017020933","20172018","NYR","1",42.75,100,61.22,52.94,57.29,72.71,2,0,30,19,36,32,55,41,3.18,1.2,2,11,4,14,1.99
"MTL","2018-02-24","2017020949","20172018","T.B","1",50.72,66.67,50.98,48.1,47.22,39.8,2,1,26,25,38,41,51,57,2.11,3.18,1,1,-3,-6,-1.08
"MTL","2018-02-26","2017020965","20172018","PHI","1",57.03,0,43.86,44.58,47.27,45.32,0,0,25,32,37,46,52,58,2.41,2.91,0,-7,-9,-6,-0.5
"MTL","2018-02-28","2017020978","20172018","NYI","1",49.97,66.67,51.16,42.19,39.22,43.79,2,1,22,21,27,37,40,62,1.49,1.92,1,1,-10,-22,-0.42
"MTL","2018-03-02","2017020991","20172018","NYI","0",48.15,71.43,50,48.57,44.83,57.13,5,2,23,23,34,36,39,48,2.69,2.02,3,0,-2,-9,0.67
"MTL","2018-03-03","2017021003","20172018","BOS","0",42.75,50,39.58,37.88,34.94,32.46,1,1,19,29,25,41,29,54,1.31,2.73,0,-10,-16,-25,-1.42
"MTL","2018-03-06","2017021021","20172018","N.J","0",49.7,57.14,55.56,57.53,57.29,55.7,4,3,30,24,42,31,55,41,2.27,1.8,1,6,11,14,0.46
"MTL","2018-03-08","2017021038","20172018","FLA","0",48.68,0,53.7,52.7,56.73,43.43,0,3,29,25,39,35,59,45,2.09,2.73,-3,4,4,14,-0.63
"MTL","2018-03-10","2017021050","20172018","T.B","0",51.38,50,47.92,47.76,49.44,47.08,1,1,23,25,32,35,44,45,1.83,2.05,0,-2,-3,-1,-0.23
"MTL","2018-03-12","2017021066","20172018","CBJ","0",52.75,40,57.41,58.67,61.39,58.55,2,3,31,23,44,31,62,39,3.11,2.2,-1,8,13,23,0.91
"MTL","2018-03-13","2017021072","20172018","DAL","1",53.78,50,38,41.18,43.69,43.62,1,1,19,31,28,40,45,58,1.76,2.28,0,-12,-12,-13,-0.52
"MTL","2018-03-15","2017021086","20172018","PIT","1",55.3,40,31.37,35.62,39.8,35.89,2,3,16,35,26,47,39,59,1.35,2.41,-1,-19,-21,-20,-1.06
"MTL","2018-03-17","2017021101","20172018","TOR","0",54.92,0,45.21,40.82,44.36,46.2,0,2,33,40,40,58,59,74,2.64,3.08,-2,-7,-18,-15,-0.43
"MTL","2018-03-19","2017021118","20172018","FLA","1",43.35,0,28.89,31.82,32.97,23.41,0,2,13,32,21,45,30,61,0.67,2.19,-2,-19,-24,-31,-1.52
"MTL","2018-03-21","2017021133","20172018","PIT","0",51.87,40,41.38,40.26,44.76,34.72,2,3,24,34,31,46,47,58,1.9,3.57,-1,-10,-15,-11,-1.67
"MTL","2018-03-23","2017021146","20172018","BUF","0",51.9,100,40.82,40.3,40,39.23,1,0,20,29,27,40,32,48,1.31,2.02,1,-9,-13,-16,-0.72
"MTL","2018-03-24","2017021154","20172018","WSH","1",50.52,42.86,39.02,44.64,45.57,41.09,3,4,16,25,25,31,36,43,1.14,1.63,-1,-9,-6,-7,-0.49
"MTL","2018-03-26","2017021172","20172018","DET","1",51.22,50,51.06,50,53.26,53.16,2,2,24,23,32,32,49,43,1.93,1.7,0,1,0,6,0.23
"MTL","2018-03-31","2017021211","20172018","PIT","0",52.47,33.33,47.83,50,52.27,35.75,1,2,22,24,32,32,46,42,1.65,2.96,-1,-2,0,4,-1.31
"MTL","2018-04-01","2017021220","20172018","N.J","1",42.45,0,44.44,46.67,45.59,52.66,0,1,16,20,21,24,31,37,1.02,0.92,-1,-4,-3,-6,0.1
"MTL","2018-04-03","2017021232","20172018","WPG","1",51.8,42.86,54.24,53.95,57.29,54.18,3,4,32,27,41,35,55,41,2.57,2.17,-1,5,6,14,0.4
"MTL","2018-04-05","2017021246","20172018","DET","0",50.83,57.14,60.87,61.02,63.16,44.81,4,3,28,18,36,23,48,28,1.77,2.18,1,10,13,20,-0.41
"MTL","2018-04-07","2017021259","20172018","TOR","0",43.67,33.33,55.32,52.94,49.47,43.33,1,2,26,21,36,32,47,48,1.91,2.5,-1,5,4,-1,-0.59
"MTL","Total","-","20172018","-","-",49.64,44.7,50.61,50.34,50.52,50.95,135,167,2146,2094,2907,2868,4044,3961,170.47,164.14,-32,52,39,83,6.34
