"Team","Date","Game_ID","Season","Opponent","Is_Home","TOI","GF%","SF%","FF%","CF%","xGF%","GF","GA","SF","SA","FF","FA","CF","CA","xGF","xGA","G±","S±","F±","C±","xG±"
"NSH","2017-10-05","2017020005","20172018","BOS","0",7.12,0,11.11,10,7.69,25.5,0,1,1,8,1,9,1,12,0.24,0.71,-1,-7,-8,-11,-0.47
"NSH","2017-10-07","2017020021","20172018","PIT","0",5.73,0,33.33,20,16.67,2.18,0,0,1,2,1,4,1,5,0.01,0.38,0,-1,-3,-4,-0.37
"NSH","2017-10-10","2017020042","20172018","PHI","1",6.95,0,0,0,0,0,0,2,0,6,0,8,0,13,0,0.88,-2,-6,-8,-13,-0.88
"NSH","2017-10-12","2017020053","20172018","DAL","1",0.55,0,0,0,0,0,0,1,0,4,0,4,0,5,0,0.53,-1,-4,-4,-5,-0.53
"NSH","2017-10-14","2017020071","20172018","CHI","0",11.15,0,27.27,28.57,20,27.84,0,0,3,8,4,10,4,16,0.28,0.73,0,-5,-6,-12,-0.45
"NSH","2017-10-17","2017020086","20172018","COL","1",7.25,0,14.29,11.11,9.09,16.64,0,1,1,6,1,8,1,10,0.14,0.71,-1,-5,-7,-9,-0.57
"NSH","2017-10-19","2017020097","20172018","PHI","0",6.5,0,0,0,0,0,0,0,0,7,0,10,0,15,0,0.77,0,-7,-10,-15,-0.77
"NSH","2017-10-21","2017020110","20172018","NYR","0",9.53,0,16.67,20,13.33,10.82,0,1,1,5,2,8,2,13,0.13,1.06,-1,-4,-6,-11,-0.93
"NSH","2017-10-24","2017020132","20172018","CGY","1",8,0,0,0,0,0,0,0,0,2,0,8,0,13,0,0.72,0,-2,-8,-13,-0.72
"NSH","2017-10-27","2017020153","20172018","CHI","0",10.18,0,15.38,11.11,9.52,14.13,0,0,2,11,2,16,2,19,0.16,0.97,0,-9,-14,-17,-0.81
"NSH","2017-10-28","2017020163","20172018","NYI","1",5.1,0,16.67,14.29,12.5,2.45,0,3,1,5,1,6,1,7,0.01,0.41,-3,-4,-5,-6,-0.4
"NSH","2017-11-01","2017020185","20172018","S.J","0",12.77,0,28.57,31.25,31.58,14.79,0,1,4,10,5,11,6,13,0.17,0.99,-1,-6,-6,-7,-0.82
"NSH","2017-11-03","2017020199","20172018","ANA","0",5.27,0,25,20,20,1.63,0,1,1,3,1,4,2,8,0.01,0.33,-1,-2,-3,-6,-0.33
"NSH","2017-11-04","2017020211","20172018","L.A","0",6.43,0,11.11,10,8.33,0.56,0,1,1,8,1,9,1,11,0,0.63,-1,-7,-8,-10,-0.63
"NSH","2017-11-07","2017020228","20172018","CBJ","0",8,0,25,16.67,14.29,1.49,0,0,2,6,2,10,2,12,0.01,0.55,0,-4,-8,-10,-0.54
"NSH","2017-11-11","2017020258","20172018","PIT","1",6.6,0,30,25,18.75,17.83,0,0,3,7,3,9,3,13,0.19,0.87,0,-4,-6,-10,-0.68
"NSH","2017-11-14","2017020270","20172018","WSH","1",3.42,0,0,16.67,14.29,1.17,0,1,0,3,1,5,1,6,0,0.33,-1,-3,-4,-5,-0.33
"NSH","2017-11-16","2017020283","20172018","MIN","0",8.33,33.33,22.22,30.77,26.67,33.59,1,2,2,7,4,9,4,11,0.3,0.59,-1,-5,-5,-7,-0.29
"NSH","2017-11-18","2017020302","20172018","COL","1",16.9,0,21.43,27.78,23.81,14.44,0,0,3,11,5,13,5,16,0.17,1.03,0,-8,-8,-11,-0.86
"NSH","2017-11-20","2017020313","20172018","WPG","1",2.7,0,16.67,16.67,16.67,10.08,0,1,1,5,1,5,1,5,0.04,0.34,-1,-4,-4,-4,-0.3
"NSH","2017-11-22","2017020329","20172018","MTL","1",6.92,0,0,0,0,0,0,0,0,7,0,8,0,14,0,1.22,0,-7,-8,-14,-1.22
"NSH","2017-11-24","2017020344","20172018","STL","0",6,0,50,37.5,37.5,27.77,0,0,2,2,3,5,3,5,0.18,0.48,0,0,-2,-2,-0.29
"NSH","2017-11-26","2017020359","20172018","CAR","0",5.37,0,0,0,6.67,0,0,1,0,6,0,9,1,14,0,0.88,-1,-6,-9,-13,-0.88
"NSH","2017-11-28","2017020373","20172018","CHI","1",5.8,0,14.29,10,10,0.39,0,0,1,6,1,9,1,9,0,0.71,0,-5,-8,-8,-0.7
"NSH","2017-11-30","2017020383","20172018","VAN","1",5.38,0,16.67,16.67,22.22,1.67,0,1,1,5,1,5,2,7,0.01,0.36,-1,-4,-4,-5,-0.36
"NSH","2017-12-02","2017020404","20172018","ANA","1",3.43,0,0,0,0,0,0,1,0,2,0,2,0,4,0,0.3,-1,-2,-2,-4,-0.3
"NSH","2017-12-04","2017020414","20172018","BOS","1",4.33,0,12.5,9.09,7.69,0.8,0,1,1,7,1,10,1,12,0.01,1.03,-1,-6,-9,-11,-1.02
"NSH","2017-12-05","2017020421","20172018","DAL","0",4,100,55.56,55.56,50,37.95,1,0,5,4,5,4,5,5,0.29,0.47,1,1,1,0,-0.18
"NSH","2017-12-08","2017020441","20172018","VGK","1",6.4,0,14.29,11.11,9.09,7.32,0,1,1,6,1,8,1,10,0.09,1.12,-1,-5,-7,-9,-1.04
"NSH","2017-12-13","2017020478","20172018","VAN","0",4.98,50,42.86,30,25,50.78,1,1,3,4,3,7,3,9,0.42,0.4,0,-1,-4,-6,0.01
"NSH","2017-12-14","2017020488","20172018","EDM","0",6,0,7.69,7.14,6.25,0.43,0,0,1,12,1,13,1,15,0,0.75,0,-11,-12,-14,-0.74
"NSH","2017-12-16","2017020506","20172018","CGY","0",9.18,0,0,0,4.17,0,0,0,0,9,0,16,1,23,0,2.07,0,-9,-16,-22,-2.07
"NSH","2017-12-19","2017020521","20172018","WPG","1",8.68,0,14.29,10,10,0.7,0,1,1,6,1,9,1,9,0.01,0.85,-1,-5,-8,-8,-0.85
"NSH","2017-12-21","2017020534","20172018","CAR","1",9.02,0,0,0,0,0,0,2,0,11,0,17,0,17,0,1.71,-2,-11,-17,-17,-1.71
"NSH","2017-12-23","2017020553","20172018","DAL","0",7.45,50,33.33,33.33,21.43,12.42,1,1,3,6,3,6,3,11,0.08,0.59,0,-3,-3,-8,-0.51
"NSH","2017-12-27","2017020564","20172018","STL","0",2,0,0,0,0,0,0,0,0,1,0,1,0,3,0,0.04,0,-1,-1,-3,-0.04
"NSH","2017-12-29","2017020581","20172018","MIN","0",7.67,0,20,13.33,10.53,3.52,0,1,2,8,2,13,2,17,0.04,1.15,-1,-6,-11,-15,-1.11
"NSH","2017-12-30","2017020591","20172018","MIN","1",4.67,0,0,0,0,0,0,0,0,5,0,6,0,10,0,0.49,0,-5,-6,-10,-0.49
"NSH","2018-01-02","2017020613","20172018","VGK","0",1.68,0,0,0,0,0,0,1,0,2,0,3,0,3,0,0.18,-1,-2,-3,-3,-0.18
"NSH","2018-01-04","2017020627","20172018","ARI","0",3.98,0,0,0,0,0,0,1,0,2,0,3,0,5,0,0.35,-1,-2,-3,-5,-0.35
"NSH","2018-01-06","2017020641","20172018","L.A","0",5.9,0,14.29,10,7.14,0.75,0,1,1,6,1,9,1,13,0,0.61,-1,-5,-8,-12,-0.61
"NSH","2018-01-09","2017020658","20172018","EDM","1",0.68,0,100,100,100,100,0,0,1,0,1,0,1,0,0.17,0,0,1,1,1,0.17
"NSH","2018-01-16","2017020691","20172018","VGK","1",8,0,0,5.26,4.35,0.22,0,0,0,15,1,18,1,22,0,1.85,0,-15,-17,-21,-1.85
"NSH","2018-01-18","2017020702","20172018","ARI","1",2.07,0,100,50,50,6.97,0,0,1,0,1,1,1,1,0.01,0.1,0,1,0,0,-0.09
"NSH","2018-01-20","2017020716","20172018","FLA","1",1.37,0,0,0,0,0,0,1,0,3,0,4,0,4,0,0.49,-1,-3,-4,-4,-0.49
"NSH","2018-01-23","2017020737","20172018","T.B","1",4,0,25,25,14.29,1.32,0,0,1,3,1,3,1,6,0.01,0.39,0,-2,-2,-5,-0.38
"NSH","2018-01-25","2017020746","20172018","N.J","0",4,100,50,25,16.67,21.82,1,0,1,1,1,3,1,5,0.07,0.24,1,0,-2,-4,-0.17
"NSH","2018-01-30","2017020768","20172018","CHI","1",4,0,50,50,25,36.99,0,0,1,1,1,1,1,3,0.06,0.1,0,0,0,-2,-0.04
"NSH","2018-02-01","2017020782","20172018","L.A","1",4,0,66.67,60,37.5,72.09,0,0,2,1,3,2,3,5,0.29,0.11,0,1,1,-2,0.18
"NSH","2018-02-03","2017020800","20172018","NYR","1",2.98,0,0,0,11.11,0,0,2,0,5,0,5,1,8,0,0.43,-2,-5,-5,-7,-0.43
"NSH","2018-02-05","2017020809","20172018","NYI","0",6.85,0,28.57,22.22,18.18,2.75,0,1,2,5,2,7,2,9,0.02,0.59,-1,-3,-5,-7,-0.57
"NSH","2018-02-07","2017020823","20172018","TOR","0",4,0,0,0,0,0,0,0,0,5,0,6,0,6,0,0.95,0,-5,-6,-6,-0.95
"NSH","2018-02-08","2017020829","20172018","OTT","0",4,0,25,25,25,3.69,0,0,1,3,2,6,2,6,0.01,0.29,0,-2,-4,-4,-0.28
"NSH","2018-02-10","2017020845","20172018","MTL","0",6,0,25,14.29,11.11,0.71,0,0,1,3,1,6,1,8,0,0.48,0,-2,-5,-7,-0.48
"NSH","2018-02-13","2017020871","20172018","STL","1",5.05,50,20,16.67,15.38,14.4,1,1,2,8,2,10,2,11,0.25,1.47,0,-6,-8,-9,-1.22
"NSH","2018-02-15","2017020884","20172018","CGY","1",2.3,0,0,0,0,0,0,2,0,5,0,7,0,7,0,1.13,-2,-5,-7,-7,-1.13
"NSH","2018-02-17","2017020901","20172018","DET","1",2.75,0,40,40,33.33,35.05,0,0,2,3,2,3,2,4,0.12,0.22,0,-1,-1,-2,-0.1
"NSH","2018-02-19","2017020915","20172018","OTT","1",2.95,0,0,0,0,0,0,1,0,5,0,6,0,7,0,0.7,-1,-5,-6,-7,-0.7
"NSH","2018-02-20","2017020922","20172018","DET","0",4,0,0,0,0,0,0,0,0,2,0,4,0,5,0,0.51,0,-2,-4,-5,-0.51
"NSH","2018-02-22","2017020937","20172018","S.J","1",10,0,25,19.05,15.38,18.49,0,0,4,12,4,17,4,22,0.34,1.51,0,-8,-13,-18,-1.16
"NSH","2018-02-25","2017020959","20172018","STL","1",10,100,27.27,26.67,20,43.26,1,0,3,8,4,11,4,16,0.5,0.65,1,-5,-7,-12,-0.16
"NSH","2018-02-27","2017020974","20172018","WPG","0",2.67,0,0,0,0,0,0,1,0,3,0,6,0,6,0,0.47,-1,-3,-6,-6,-0.47
"NSH","2018-03-01","2017020987","20172018","EDM","0",0.7,0,0,0,0,0,0,1,0,1,0,2,0,2,0,0.13,-1,-1,-2,-2,-0.13
"NSH","2018-03-02","2017020997","20172018","VAN","0",7.12,0,12.5,10,7.14,2.44,0,2,1,7,1,9,1,13,0.03,1.25,-2,-6,-8,-12,-1.22
"NSH","2018-03-04","2017021009","20172018","COL","0",6.65,0,20,14.29,12.5,0.83,0,1,1,4,1,6,1,7,0,0.56,-1,-3,-5,-6,-0.56
"NSH","2018-03-06","2017021025","20172018","DAL","1",8,0,0,14.29,9.09,6.07,0,0,0,5,1,6,1,10,0.02,0.34,0,-5,-5,-9,-0.32
"NSH","2018-03-08","2017021039","20172018","ANA","1",4,100,28.57,25,25,60.62,1,0,2,5,2,6,2,6,0.85,0.55,1,-3,-4,-4,0.3
"NSH","2018-03-10","2017021057","20172018","N.J","1",5.33,0,0,0,11.11,0,0,0,0,4,0,7,1,8,0,0.65,0,-4,-7,-7,-0.65
"NSH","2018-03-13","2017021074","20172018","WPG","1",8.47,66.67,40,41.67,29.41,38.5,2,1,4,6,5,7,5,12,0.47,0.74,1,-2,-2,-7,-0.28
"NSH","2018-03-15","2017021090","20172018","ARI","0",10,0,0,0,5,0,0,0,0,12,0,15,1,19,0,1.05,0,-12,-15,-18,-1.05
"NSH","2018-03-16","2017021094","20172018","COL","0",8,0,0,0,0,0,0,0,0,6,0,7,0,9,0,0.7,0,-6,-7,-9,-0.7
"NSH","2018-03-19","2017021117","20172018","BUF","0",4,0,0,0,0,0,0,0,0,4,0,5,0,9,0,0.36,0,-4,-5,-9,-0.36
"NSH","2018-03-22","2017021142","20172018","TOR","1",3.07,0,0,0,0,0,0,2,0,6,0,6,0,9,0,0.31,-2,-6,-6,-9,-0.31
"NSH","2018-03-24","2017021161","20172018","MIN","0",8,0,16.67,14.29,10,1.4,0,0,1,5,1,6,1,9,0,0.28,0,-4,-5,-8,-0.28
"NSH","2018-03-25","2017021165","20172018","WPG","0",5.38,0,12.5,11.11,10,3.65,0,2,1,7,1,8,1,9,0.03,0.68,-2,-6,-7,-8,-0.66
"NSH","2018-03-27","2017021181","20172018","MIN","1",4,0,0,0,0,0,0,0,0,0,0,1,0,2,0,0.03,0,0,-1,-2,-0.03
"NSH","2018-03-29","2017021194","20172018","S.J","1",8.82,0,12.5,10.53,7.41,1.65,0,0,2,14,2,17,2,25,0.05,2.7,0,-12,-15,-23,-2.65
"NSH","2018-03-31","2017021213","20172018","BUF","1",11.43,0,7.14,5.88,5.88,1.21,0,4,1,13,1,16,1,16,0.02,1.53,-4,-12,-15,-15,-1.51
"NSH","2018-04-01","2017021219","20172018","T.B","0",7.85,0,14.29,11.11,6.67,33.37,0,0,1,6,1,8,1,14,0.34,0.69,0,-5,-7,-13,-0.34
"NSH","2018-04-03","2017021234","20172018","FLA","0",2,0,0,0,0,0,0,0,0,1,0,3,0,4,0,0.17,0,-1,-3,-4,-0.17
"NSH","2018-04-05","2017021244","20172018","WSH","0",5.03,0,20,9.09,9.09,3.95,0,2,1,4,1,10,1,10,0.03,0.8,-2,-3,-9,-9,-0.77
"NSH","2018-04-07","2017021265","20172018","CBJ","1",2,0,0,0,0,0,0,0,0,2,0,2,0,3,0,0.08,0,-2,-2,-3,-0.08
"NSH","Total","-","20172018","-","-",5.84,15.62,16.23,14.37,12.06,10.72,10,54,86,444,101,602,109,795,6.67,55.58,-44,-358,-501,-686,-48.91
