"Team","Date","Game_ID","Season","Opponent","Is_Home","TOI","GF%","SF%","FF%","CF%","xGF%","GF","GA","SF","SA","FF","FA","CF","CA","xGF","xGA","G±","S±","F±","C±","xG±"
"PIT","2019-10-03","2019020007","20192020","BUF","1",47.47,0,37.25,42.19,42.55,25.89,0,2,19,32,27,37,40,54,0.76,2.18,-2,-13,-10,-14,-1.42
"PIT","2019-10-05","2019020022","20192020","CBJ","1",51.52,75,57.89,57.69,58.59,65.63,6,2,33,24,45,33,58,41,2.39,1.25,4,9,12,17,1.14
"PIT","2019-10-08","2019020038","20192020","WPG","1",56,20,60,64.47,63.44,59.48,1,4,33,22,49,27,59,34,2.78,1.89,-3,11,22,25,0.88
"PIT","2019-10-10","2019020050","20192020","ANA","1",43.43,50,42.55,49.21,50,46,1,1,20,27,31,32,41,41,1.58,1.85,0,-7,-1,0,-0.27
"PIT","2019-10-12","2019020071","20192020","MIN","0",54.02,50,51.72,52.94,48.91,37.75,3,3,30,28,36,32,45,47,1.32,2.17,0,2,4,-2,-0.85
"PIT","2019-10-13","2019020075","20192020","WPG","0",47.42,83.33,46.51,43.64,45.12,54.61,5,1,20,23,24,31,37,45,1.71,1.42,4,-3,-7,-8,0.29
"PIT","2019-10-16","2019020092","20192020","COL","1",54.3,50,49.09,50,47.42,47.73,2,2,27,28,38,38,46,51,1.98,2.16,0,-1,0,-5,-0.19
"PIT","2019-10-18","2019020108","20192020","DAL","1",52.77,60,53.19,57.14,52.22,55.66,3,2,25,22,40,30,47,43,1.92,1.53,1,3,10,4,0.39
"PIT","2019-10-19","2019020118","20192020","VGK","1",47.02,0,55.81,57.41,62.5,53.62,0,0,24,19,31,23,45,27,1.48,1.28,0,5,8,18,0.2
"PIT","2019-10-22","2019020135","20192020","FLA","0",55.32,40,52.27,48.44,50,43.15,2,3,23,21,31,33,42,42,1.55,2.05,-1,2,-2,0,-0.49
"PIT","2019-10-23","2019020144","20192020","T.B","0",47.63,50,43.28,42.5,42.86,45.95,2,2,29,38,34,46,42,56,1.8,2.12,0,-9,-12,-14,-0.32
"PIT","2019-10-26","2019020166","20192020","DAL","0",54.02,100,54.17,57.35,53.85,73.88,2,0,26,22,39,29,56,48,3.38,1.19,2,4,10,8,2.18
"PIT","2019-10-29","2019020182","20192020","PHI","1",45.85,87.5,63.79,60,55.81,62.08,7,1,37,21,42,28,48,38,2.24,1.37,6,16,14,10,0.87
"PIT","2019-11-02","2019020204","20192020","EDM","1",50.28,0,65,64.1,65,53.44,0,2,39,21,50,28,65,35,2.5,2.18,-2,18,22,30,0.32
"PIT","2019-11-04","2019020220","20192020","BOS","0",50.98,44.44,64.52,60.26,60.42,68.29,4,5,40,22,47,31,58,38,3.06,1.42,-1,18,16,20,1.64
"PIT","2019-11-07","2019020239","20192020","NYI","0",56.95,66.67,61.11,63.75,62.26,66.23,4,2,33,21,51,29,66,40,2.47,1.26,2,12,22,26,1.21
"PIT","2019-11-09","2019020257","20192020","CHI","1",56.12,50,50.88,47.89,46.88,54.2,2,2,29,28,34,37,45,51,2.52,2.13,0,1,-3,-6,0.39
"PIT","2019-11-12","2019020274","20192020","NYR","0",52.9,25,51.92,55.38,54.35,49.33,1,3,27,25,36,29,50,42,2.04,2.09,-2,2,7,8,-0.05
"PIT","2019-11-15","2019020295","20192020","N.J","0",48.93,33.33,65.12,66.67,68.54,67.08,1,2,28,15,44,22,61,28,2.35,1.15,-1,13,22,33,1.2
"PIT","2019-11-16","2019020308","20192020","TOR","1",54.05,80,50,46.15,39.58,62.69,4,1,30,30,36,42,38,58,2.43,1.45,3,0,-6,-20,0.99
"PIT","2019-11-19","2019020321","20192020","NYI","1",50.67,33.33,40.74,39.39,43.18,34.09,2,4,22,32,26,40,38,50,1.6,3.09,-2,-10,-14,-12,-1.49
"PIT","2019-11-21","2019020335","20192020","NYI","0",49.32,50,60.53,62.96,60.56,58.2,2,2,23,15,34,20,43,28,1.72,1.24,0,8,14,15,0.49
"PIT","2019-11-22","2019020346","20192020","N.J","1",49.08,100,59.38,58.75,55.1,65.57,4,0,38,26,47,33,54,44,2.4,1.26,4,12,14,10,1.14
"PIT","2019-11-25","2019020368","20192020","CGY","1",55.45,66.67,50.82,46.25,45.95,55.22,2,1,31,30,37,43,51,60,2.32,1.88,1,1,-6,-9,0.44
"PIT","2019-11-27","2019020382","20192020","VAN","1",52.1,50,61.22,62.69,63.83,60.85,5,5,30,19,42,25,60,34,2.36,1.52,0,11,17,26,0.84
"PIT","2019-11-29","2019020400","20192020","CBJ","0",45.38,50,51.11,46.55,50.7,33.13,2,2,23,22,27,31,36,35,1.11,2.23,0,1,-4,1,-1.13
"PIT","2019-11-30","2019020411","20192020","STL","0",50.37,33.33,60.98,62.5,58.9,61.3,2,4,25,16,35,21,43,30,1.99,1.26,-2,9,14,13,0.74
"PIT","2019-12-04","2019020435","20192020","STL","1",40.98,100,59.57,60.71,58.21,68.81,3,0,28,19,34,22,39,28,2.75,1.25,3,9,12,11,1.5
"PIT","2019-12-06","2019020449","20192020","ARI","1",47.83,100,50,50,52.05,57.55,1,0,22,22,28,28,38,35,1.39,1.03,1,0,0,3,0.37
"PIT","2019-12-07","2019020455","20192020","DET","0",51.88,80,54.17,51.56,45.57,55.14,4,1,26,22,33,31,36,43,1.74,1.42,3,4,2,-7,0.33
"PIT","2019-12-10","2019020474","20192020","MTL","1",56.42,33.33,57.89,60.87,60,47.86,1,2,33,24,42,27,54,36,1.71,1.86,-1,9,15,18,-0.15
"PIT","2019-12-12","2019020490","20192020","CBJ","1",54.35,0,66.67,62.9,60.42,67.02,0,0,30,15,39,23,58,38,2.2,1.08,0,15,16,20,1.12
"PIT","2019-12-14","2019020509","20192020","L.A","1",52.95,42.86,40.74,37.68,37.36,47.74,3,4,22,32,26,43,34,57,1.9,2.09,-1,-10,-17,-23,-0.18
"PIT","2019-12-17","2019020531","20192020","CGY","0",51.18,66.67,46.03,41.67,42.99,38.17,2,1,29,34,35,49,46,61,1.7,2.75,1,-5,-14,-15,-1.05
"PIT","2019-12-20","2019020551","20192020","EDM","0",53.45,75,47.73,43.08,46.43,47.55,3,1,21,23,28,37,39,45,2.27,2.51,2,-2,-9,-6,-0.23
"PIT","2019-12-21","2019020563","20192020","VAN","0",41.45,0,66.67,62.22,64.06,58.67,0,2,20,10,28,17,41,23,1.86,1.31,-2,10,11,18,0.55
"PIT","2019-12-27","2019020586","20192020","NSH","0",50.45,71.43,47.06,50,47.92,63.66,5,2,24,27,36,36,46,50,2.46,1.4,3,-3,0,-4,1.05
"PIT","2019-12-28","2019020596","20192020","NSH","1",51.82,40,43.66,39.76,37.5,49.14,2,3,31,40,33,50,39,65,2.89,2.99,-1,-9,-17,-26,-0.1
"PIT","2019-12-30","2019020612","20192020","OTT","1",55.67,71.43,57.14,54.29,55,55.43,5,2,32,24,38,32,55,45,2.74,2.2,3,8,6,10,0.54
"PIT","2020-01-02","2019020631","20192020","S.J","1",56.97,50,52.38,57.5,55.77,63.39,2,2,33,30,46,34,58,46,2.37,1.37,0,3,12,12,1
"PIT","2020-01-04","2019020647","20192020","MTL","0",48.72,60,58.49,59.46,57.28,66.36,3,2,31,22,44,30,59,44,3.52,1.78,1,9,14,15,1.74
"PIT","2020-01-05","2019020654","20192020","FLA","1",54.73,25,45,43.66,41.75,48.08,1,3,27,33,31,40,43,60,2.13,2.3,-2,-6,-9,-17,-0.17
"PIT","2020-01-07","2019020673","20192020","VGK","0",50.17,60,34.88,34.85,34.12,38.64,3,2,15,28,23,43,29,56,1.9,3.01,1,-13,-20,-27,-1.11
"PIT","2020-01-10","2019020691","20192020","COL","0",54.35,80,52.94,46.38,46.32,53.6,4,1,27,24,32,37,44,51,2.17,1.88,3,3,-5,-7,0.29
"PIT","2020-01-12","2019020706","20192020","ARI","0",51,25,51.11,59.46,60.2,54.55,1,3,23,22,44,30,59,39,2.36,1.96,-2,1,14,20,0.39
"PIT","2020-01-14","2019020718","20192020","MIN","1",50.78,71.43,51.06,53.33,50,63.91,5,2,24,23,32,28,34,34,2.4,1.35,3,1,4,0,1.04
"PIT","2020-01-16","2019020727","20192020","BOS","0",44.3,25,43.59,47.27,46.58,43.87,1,3,17,22,26,29,34,39,0.82,1.05,-2,-5,-3,-5,-0.23
"PIT","2020-01-17","2019020740","20192020","DET","0",52.05,0,53.85,58.46,62.79,58.74,0,0,28,24,38,27,54,32,1.86,1.31,0,4,11,22,0.55
"PIT","2020-01-19","2019020755","20192020","BOS","1",51.52,50,35.42,39.44,35.71,44.88,3,3,17,31,28,43,35,63,1.94,2.38,0,-14,-15,-28,-0.44
"PIT","2020-01-21","2019020763","20192020","PHI","0",47.87,0,40,45.45,46.51,39.57,0,2,16,24,30,36,40,46,1.26,1.93,-2,-8,-6,-6,-0.67
"PIT","2020-01-31","2019020786","20192020","PHI","1",52.82,50,37.21,37.93,38.46,42.59,2,2,16,27,22,36,30,48,1.38,1.86,0,-11,-14,-18,-0.48
"PIT","2020-02-02","2019020806","20192020","WSH","0",40.08,57.14,44.23,35.21,31.87,47.99,4,3,23,29,25,46,29,62,2,2.17,1,-6,-21,-33,-0.17
"PIT","2020-02-06","2019020829","20192020","T.B","0",44.57,40,52.08,48.48,48.28,41.61,2,3,25,23,32,34,42,45,1.29,1.81,-1,2,-2,-3,-0.52
"PIT","2020-02-08","2019020847","20192020","FLA","0",50.8,50,35.56,35.82,37.8,34.39,2,2,16,29,24,43,31,51,1.16,2.22,0,-13,-19,-20,-1.06
"PIT","2020-02-11","2019020870","20192020","T.B","1",48.42,0,51.79,49.3,48.35,50.33,0,1,29,27,35,36,44,47,2.68,2.65,-1,2,-1,-3,0.04
"PIT","2020-02-14","2019020891","20192020","MTL","1",48.63,100,39.58,46.03,44.58,49.46,2,0,19,29,29,34,37,46,1.98,2.02,2,-10,-5,-9,-0.04
"PIT","2020-02-16","2019020906","20192020","DET","1",57.32,80,54.1,56.58,57.3,47.29,4,1,33,28,43,33,51,38,2.1,2.35,3,5,10,13,-0.24
"PIT","2020-02-18","2019020921","20192020","TOR","1",50.77,50,42,42.42,41.77,47.38,2,2,21,29,28,38,33,46,1.75,1.94,0,-8,-10,-13,-0.19
"PIT","2020-02-20","2019020933","20192020","TOR","0",53.87,0,40,41.67,46.3,23.73,0,3,18,27,30,42,50,58,0.84,2.69,-3,-9,-12,-8,-1.85
"PIT","2020-02-22","2019020950","20192020","BUF","1",52.03,40,60.34,53.16,54.08,46.36,2,3,35,23,42,37,53,45,2.82,3.26,-1,12,5,8,-0.44
"PIT","2020-02-23","2019020959","20192020","WSH","0",50.98,42.86,58.82,56,54.35,52.91,3,4,30,21,42,33,50,42,2.87,2.55,-1,9,9,8,0.32
"PIT","2020-02-26","2019020983","20192020","L.A","0",48.9,50,64.44,67.8,62.96,58.28,1,1,29,16,40,19,51,30,2.26,1.62,0,13,21,21,0.64
"PIT","2020-02-28","2019020998","20192020","ANA","0",40.4,0,63.64,62.5,57.35,51.11,0,2,21,12,30,18,39,29,1.37,1.31,-2,9,12,10,0.06
"PIT","2020-02-29","2019021010","20192020","S.J","0",50,0,43.4,46.84,49.09,31.08,0,5,23,30,37,42,54,56,1.35,3,-5,-7,-5,-2,-1.65
"PIT","2020-03-03","2019021022","20192020","OTT","1",45.05,66.67,57.69,56.45,55.17,61,6,3,30,22,35,27,48,39,2.42,1.54,3,8,8,9,0.87
"PIT","2020-03-05","2019021033","20192020","BUF","0",49.5,75,59.62,56.72,51.25,58.68,3,1,31,21,38,29,41,39,2.26,1.59,2,10,9,2,0.67
"PIT","2020-03-07","2019021050","20192020","WSH","1",45.78,20,44.19,45,47.56,45.92,1,4,19,24,27,33,39,43,1.71,2.02,-3,-5,-6,-4,-0.3
"PIT","2020-03-08","2019021059","20192020","CAR","1",42.77,16.67,42.86,45.28,45.12,29.71,1,5,18,24,24,29,37,45,0.96,2.28,-4,-6,-5,-8,-1.32
"PIT","2020-03-10","2019021072","20192020","N.J","0",47.48,80,57.14,51.79,61.33,47.37,4,1,24,18,29,27,46,29,1.87,2.08,3,6,2,17,-0.21
"PIT","Total","-","20192020","-","-",50.3,52.46,51.68,51.51,50.97,51.74,160,145,1800,1683,2399,2258,3133,3014,139.17,129.8,15,117,141,119,9.37
