"Team","Date","Game_ID","Season","Opponent","Is_Home","TOI","GF%","SF%","FF%","CF%","xGF%","GF","GA","SF","SA","FF","FA","CF","CA","xGF","xGA","G±","S±","F±","C±","xG±"
"S.J","2019-10-02","2019020004","20192020","VGK","0",48.8,33.33,38.1,37.5,39.76,20.81,1,2,16,26,24,40,33,50,0.92,3.49,-1,-10,-16,-17,-2.57
"S.J","2019-10-04","2019020017","20192020","VGK","1",46.47,25,53.33,56.67,49.37,40.13,1,3,24,21,34,26,39,40,1.71,2.55,-2,3,8,-1,-0.84
"S.J","2019-10-05","2019020030","20192020","ANA","0",44.32,33.33,52.27,46.97,51.81,31.45,1,2,23,21,31,35,43,40,0.92,2,-1,2,-4,3,-1.08
"S.J","2019-10-08","2019020041","20192020","NSH","0",47.77,25,63.27,58.9,61.96,56.27,1,3,31,18,43,30,57,35,1.74,1.35,-2,13,13,22,0.39
"S.J","2019-10-10","2019020054","20192020","CHI","0",51.07,42.86,50.94,54.29,63.64,49.18,3,4,27,26,38,32,56,32,2.41,2.49,-1,1,6,24,-0.08
"S.J","2019-10-13","2019020077","20192020","CGY","1",46.25,66.67,39.13,43.55,42.86,47.51,2,1,18,28,27,35,36,48,1.21,1.33,1,-10,-8,-12,-0.13
"S.J","2019-10-16","2019020097","20192020","CAR","1",46.35,50,38.3,33.93,37.18,43.78,2,2,18,29,19,37,29,49,1.49,1.92,0,-11,-18,-20,-0.42
"S.J","2019-10-19","2019020123","20192020","BUF","1",42.8,20,44.68,49.21,50,42.06,1,4,21,26,31,32,38,38,1.7,2.34,-3,-5,-1,0,-0.64
"S.J","2019-10-22","2019020134","20192020","BUF","0",51.83,50,55.56,55,57.33,45.49,3,3,25,20,33,27,43,32,1.94,2.33,0,5,6,11,-0.39
"S.J","2019-10-24","2019020145","20192020","MTL","0",49.95,50,38.64,37.7,37.21,30.05,2,2,17,27,23,38,32,54,1.11,2.59,0,-10,-15,-22,-1.48
"S.J","2019-10-25","2019020156","20192020","TOR","0",46.6,25,38.89,40,40.79,32.79,1,3,14,22,22,33,31,45,0.81,1.67,-2,-8,-11,-14,-0.85
"S.J","2019-10-27","2019020172","20192020","OTT","0",45.58,16.67,48.84,48.44,53.68,37.89,1,5,21,22,31,33,51,44,1.3,2.14,-4,-1,-2,7,-0.83
"S.J","2019-10-29","2019020179","20192020","BOS","0",43.78,0,29.03,33.33,35,24.46,0,3,9,22,15,30,21,39,0.72,2.21,-3,-13,-15,-18,-1.5
"S.J","2019-11-01","2019020203","20192020","WPG","1",50.48,25,74,77.05,71.6,81.22,1,3,37,13,47,14,58,23,3.13,0.72,-2,24,33,35,2.41
"S.J","2019-11-02","2019020216","20192020","VAN","1",47.72,25,40.54,41.18,50,41.9,1,3,15,22,21,30,41,41,1.42,1.97,-2,-7,-9,0,-0.55
"S.J","2019-11-05","2019020234","20192020","CHI","1",45.92,66.67,59.46,58.82,63.38,56.54,2,1,22,15,30,21,45,26,1.79,1.37,1,7,9,19,0.41
"S.J","2019-11-07","2019020247","20192020","MIN","1",47.35,44.44,55.81,51.61,45.78,49.67,4,5,24,19,32,30,38,45,1.95,1.97,-1,5,2,-7,-0.03
"S.J","2019-11-09","2019020262","20192020","NSH","1",48.65,50,61.54,61.4,59.09,64.63,1,1,24,15,35,22,52,36,2.59,1.42,0,9,13,16,1.17
"S.J","2019-11-12","2019020280","20192020","EDM","1",52.33,66.67,51.16,50,49.45,41.2,6,3,22,21,32,32,45,46,2,2.86,3,1,0,-1,-0.86
"S.J","2019-11-14","2019020292","20192020","ANA","0",45.82,60,59.18,54.05,55.79,56.44,3,2,29,20,40,34,53,42,2.79,2.15,1,9,6,11,0.64
"S.J","2019-11-16","2019020313","20192020","DET","1",54.58,40,40.54,40.38,44.59,36.54,2,3,15,22,21,31,33,41,1.08,1.88,-1,-7,-10,-8,-0.8
"S.J","2019-11-19","2019020330","20192020","EDM","1",52.9,33.33,53.57,50,53.85,42.24,2,4,30,26,40,40,56,48,2.83,3.87,-2,4,0,8,-1.04
"S.J","2019-11-21","2019020344","20192020","VGK","0",53.03,66.67,42.86,41.67,41.84,43.09,2,1,24,32,30,42,41,57,1.65,2.18,1,-8,-12,-16,-0.53
"S.J","2019-11-23","2019020361","20192020","NYI","1",48.35,66.67,53.85,50.91,50,53.93,2,1,21,18,28,27,40,40,1.6,1.36,1,3,1,0,0.23
"S.J","2019-11-25","2019020373","20192020","L.A","0",48.15,57.14,51.11,45.59,43.01,41.1,4,3,23,22,31,37,40,53,2.06,2.96,1,1,-6,-13,-0.89
"S.J","2019-11-27","2019020389","20192020","WPG","1",43.95,25,52.38,55.77,60.87,61.05,1,3,22,20,29,23,42,27,2.16,1.38,-2,2,6,15,0.78
"S.J","2019-11-29","2019020397","20192020","L.A","1",51.17,75,35.29,40.62,43.96,40.92,3,1,18,33,26,38,40,51,1.89,2.74,2,-15,-12,-11,-0.84
"S.J","2019-11-30","2019020412","20192020","ARI","0",50.65,60,57.78,51.56,51.95,48.12,3,2,26,19,33,31,40,37,1.38,1.49,1,7,2,3,-0.11
"S.J","2019-12-03","2019020433","20192020","WSH","1",52.98,28.57,53.19,50,51.09,37.18,2,5,25,22,36,36,47,45,1.63,2.76,-3,3,0,2,-1.13
"S.J","2019-12-05","2019020443","20192020","CAR","0",53.65,50,51.02,51.39,52.17,55.16,2,2,25,24,37,35,48,44,2.69,2.18,0,1,2,4,0.5
"S.J","2019-12-07","2019020456","20192020","T.B","0",47.25,16.67,47.37,48.1,51.61,45.37,1,5,27,30,38,41,48,45,2.57,3.1,-4,-3,-3,3,-0.52
"S.J","2019-12-08","2019020464","20192020","FLA","0",50.15,0,48.94,54.17,54.64,55.61,0,2,23,24,39,33,53,44,2.21,1.77,-2,-1,6,9,0.45
"S.J","2019-12-10","2019020475","20192020","NSH","0",43.17,0,41.67,41.51,40.54,49.78,0,1,15,21,22,31,30,44,1.22,1.23,-1,-6,-9,-14,-0.01
"S.J","2019-12-12","2019020498","20192020","NYR","1",50.18,33.33,41.03,43.4,41.77,51,2,4,16,23,23,30,33,46,1.8,1.73,-2,-7,-7,-13,0.07
"S.J","2019-12-14","2019020514","20192020","VAN","1",48.82,66.67,47.73,49.32,45.45,43.96,2,1,21,23,36,37,45,54,1.5,1.92,1,-2,-1,-9,-0.41
"S.J","2019-12-17","2019020534","20192020","ARI","1",48.63,40,64.86,59.26,56.58,53.83,2,3,24,13,32,22,43,33,2.06,1.77,-1,11,10,10,0.29
"S.J","2019-12-21","2019020564","20192020","STL","1",50.37,33.33,55.56,55.88,59.52,58.79,1,2,30,24,38,30,50,34,2.02,1.42,-1,6,8,16,0.6
"S.J","2019-12-22","2019020568","20192020","VGK","1",47.1,25,43.1,38.55,42.61,34.08,1,3,25,33,32,51,49,66,2.04,3.95,-2,-8,-19,-17,-1.91
"S.J","2019-12-27","2019020592","20192020","L.A","1",57.45,50,37.5,37.33,41.9,32.77,2,2,21,35,28,47,44,61,1.67,3.42,0,-14,-19,-17,-1.75
"S.J","2019-12-28","2019020601","20192020","PHI","1",53.05,100,58,54.84,50.59,59.9,6,0,29,21,34,28,43,42,2.6,1.74,6,8,6,1,0.86
"S.J","2019-12-31","2019020620","20192020","DET","0",47.65,0,59.52,54.55,55.7,47.14,0,1,25,17,30,25,44,35,1.88,2.11,-1,8,5,9,-0.23
"S.J","2020-01-02","2019020631","20192020","PIT","0",56.97,50,47.62,42.5,44.23,36.61,2,2,30,33,34,46,46,58,1.37,2.37,0,-3,-12,-12,-1
"S.J","2020-01-04","2019020642","20192020","CBJ","0",51.53,75,58.33,56.92,56.41,66.18,3,1,28,20,37,28,44,34,1.87,0.95,2,8,9,10,0.91
"S.J","2020-01-05","2019020653","20192020","WSH","0",50.08,25,51.02,53.52,51.06,58.19,1,3,25,24,38,33,48,46,2.45,1.76,-2,1,5,2,0.69
"S.J","2020-01-07","2019020670","20192020","STL","0",52.8,0,44.9,48.44,46.59,45.37,0,3,22,27,31,33,41,47,1.57,1.88,-3,-5,-2,-6,-0.32
"S.J","2020-01-09","2019020688","20192020","CBJ","1",48.35,66.67,52.83,53.73,50.53,63.78,2,1,28,25,36,31,48,47,2.75,1.56,1,3,5,1,1.19
"S.J","2020-01-11","2019020702","20192020","DAL","1",51.27,100,54.55,57.58,56.52,62.39,2,0,24,20,38,28,52,40,2.47,1.49,2,4,10,12,0.98
"S.J","2020-01-14","2019020724","20192020","ARI","0",51.1,40,39.29,43.42,48.57,38.25,2,3,22,34,33,43,51,54,1.74,2.81,-1,-12,-10,-3,-1.07
"S.J","2020-01-16","2019020738","20192020","COL","0",50.02,0,41.82,45.59,45.56,32.42,0,3,23,32,31,37,41,49,1.11,2.32,-3,-9,-6,-8,-1.21
"S.J","2020-01-18","2019020754","20192020","VAN","0",49.53,25,39.53,46.15,47.19,43.81,1,3,17,26,30,35,42,47,1.65,2.11,-2,-9,-5,-5,-0.47
"S.J","2020-01-27","2019020773","20192020","ANA","1",53.58,100,58.82,58.11,54.74,70.31,4,0,30,21,43,31,52,43,3.23,1.37,4,9,12,9,1.87
"S.J","2020-01-29","2019020781","20192020","VAN","1",50.23,40,63.16,59.15,61.29,57.39,2,3,36,21,42,29,57,36,2.09,1.55,-1,15,13,21,0.54
"S.J","2020-02-01","2019020805","20192020","T.B","1",44.47,0,43.4,44,41.12,44.46,0,2,23,30,33,42,44,63,1.95,2.44,-2,-7,-9,-19,-0.49
"S.J","2020-02-04","2019020823","20192020","CGY","0",52.37,100,48.08,50,49.45,52.15,3,0,25,27,34,34,45,46,2.59,2.38,3,-2,0,-1,0.21
"S.J","2020-02-06","2019020837","20192020","EDM","0",52.35,62.5,47.27,48,48.98,51.66,5,3,26,29,36,39,48,50,2.49,2.33,2,-3,-3,-2,0.16
"S.J","2020-02-10","2019020865","20192020","CGY","1",49.53,25,51.67,53.16,55.67,36.09,1,3,31,29,42,37,54,43,2.11,3.74,-2,2,5,11,-1.63
"S.J","2020-02-14","2019020893","20192020","WPG","0",46.45,75,70,66.67,57.97,71.97,3,1,28,12,36,18,40,29,3.48,1.35,2,16,18,11,2.12
"S.J","2020-02-15","2019020899","20192020","MIN","0",48.1,100,30.77,34.29,35.11,37.49,1,0,16,36,24,46,33,61,0.85,1.42,1,-20,-22,-28,-0.57
"S.J","2020-02-17","2019020917","20192020","FLA","1",47.07,20,54.17,50,51.61,48.41,1,4,26,22,33,33,48,45,2.02,2.16,-3,4,0,3,-0.13
"S.J","2020-02-20","2019020934","20192020","N.J","0",43.38,50,61.9,64.18,55.32,63.68,1,1,26,16,43,24,52,42,2.14,1.22,0,10,19,10,0.92
"S.J","2020-02-22","2019020953","20192020","NYR","0",47.75,25,55,56,58.16,48.06,1,3,33,27,42,33,57,41,2.59,2.8,-2,6,9,16,-0.21
"S.J","2020-02-23","2019020962","20192020","NYI","0",52.83,25,60,62.32,62.5,49.05,1,3,30,20,43,26,60,36,1.94,2.02,-2,10,17,24,-0.08
"S.J","2020-02-25","2019020972","20192020","PHI","0",50.63,40,50,46.03,46.32,50.8,2,3,22,22,29,34,44,51,1.56,1.51,-1,0,-5,-7,0.05
"S.J","2020-02-27","2019020993","20192020","N.J","1",50.22,33.33,54.76,57.38,61.63,54.72,1,2,23,19,35,26,53,33,2.54,2.11,-1,4,9,20,0.44
"S.J","2020-02-29","2019021010","20192020","PIT","1",50,100,56.6,53.16,50.91,68.92,5,0,30,23,42,37,56,54,3,1.35,5,7,5,2,1.65
"S.J","2020-03-03","2019021028","20192020","TOR","1",48.98,60,62.75,63.08,57.95,65.03,3,2,32,19,41,24,51,37,2.69,1.45,1,13,17,14,1.24
"S.J","2020-03-05","2019021042","20192020","MIN","1",50.33,25,58.06,62.2,62.26,61.66,1,3,36,26,51,31,66,40,2.63,1.64,-2,10,20,26,0.99
"S.J","2020-03-07","2019021057","20192020","OTT","1",53.45,0,41.94,45.12,45.71,53.4,0,1,26,36,37,45,48,57,2.99,2.61,-1,-10,-8,-9,0.38
"S.J","2020-03-08","2019021065","20192020","COL","1",46.6,25,42.86,42,36.49,34.76,1,3,15,20,21,29,27,47,1.29,2.41,-2,-5,-8,-20,-1.13
"S.J","2020-03-11","2019021079","20192020","CHI","0",52.42,20,39.71,38.55,45.69,43.02,1,4,27,41,32,51,53,63,2.37,3.14,-3,-14,-19,-10,-0.77
"S.J","Total","-","20192020","-","-",49.36,43.64,50.15,50.1,50.48,48.53,127,164,1682,1672,2318,2309,3151,3091,137.74,146.06,-37,10,9,60,-8.32
