"Team","Date","Game_ID","Season","Opponent","Is_Home","TOI","GIVE","TAKE","HF","HA","PENT2","PEND2","PENT5","PEND5","PEN±","FOW","FOL","FO±"
"TOR","2019-10-02","2019020001","20192020","OTT","1",44.13,10,10,17,41,3,3,0,0,0,22,35,-13
"TOR","2019-10-04","2019020015","20192020","CBJ","0",47.68,4,3,17,18,5,6,0,0,1,27,17,10
"TOR","2019-10-05","2019020019","20192020","MTL","1",51.53,14,9,18,24,3,4,0,0,1,29,25,4
"TOR","2019-10-07","2019020034","20192020","STL","1",47.37,10,11,13,23,3,2,0,0,-1,23,23,0
"TOR","2019-10-10","2019020047","20192020","T.B","1",51.87,5,5,15,23,2,1,0,0,-1,27,19,8
"TOR","2019-10-12","2019020066","20192020","DET","0",51.62,8,3,13,19,1,3,0,0,2,31,22,9
"TOR","2019-10-15","2019020085","20192020","MIN","1",50.63,12,4,10,30,2,3,0,0,1,24,17,7
"TOR","2019-10-16","2019020093","20192020","WSH","0",47.53,3,3,9,28,4,1,0,0,-3,23,21,2
"TOR","2019-10-19","2019020115","20192020","BOS","1",57.73,16,13,34,32,3,1,0,0,-2,23,20,3
"TOR","2019-10-21","2019020129","20192020","CBJ","1",48.67,10,5,24,14,6,2,0,0,-4,33,16,17
"TOR","2019-10-22","2019020133","20192020","BOS","0",46.03,4,4,15,32,4,4,0,0,0,22,29,-7
"TOR","2019-10-25","2019020156","20192020","S.J","1",46.6,14,5,12,19,1,4,0,0,3,15,13,2
"TOR","2019-10-26","2019020163","20192020","MTL","0",54.15,14,1,31,28,1,1,0,0,0,28,30,-2
"TOR","2019-10-29","2019020180","20192020","WSH","1",37.52,6,4,9,14,5,7,0,0,2,32,20,12
"TOR","2019-11-02","2019020209","20192020","PHI","0",55,15,4,27,23,3,2,0,0,-1,17,22,-5
"TOR","2019-11-05","2019020228","20192020","L.A","1",46.4,10,10,24,20,1,2,0,0,1,26,16,10
"TOR","2019-11-07","2019020237","20192020","VGK","1",40.9,15,6,21,24,3,5,0,0,2,23,19,4
"TOR","2019-11-09","2019020253","20192020","PHI","1",55.43,10,3,19,17,3,1,0,0,-2,27,25,2
"TOR","2019-11-10","2019020268","20192020","CHI","0",45.25,3,7,18,21,5,4,0,0,-1,21,28,-7
"TOR","2019-11-13","2019020282","20192020","NYI","0",49.83,20,6,21,37,2,1,0,0,-1,17,19,-2
"TOR","2019-11-15","2019020294","20192020","BOS","1",51.55,10,6,22,32,2,1,0,0,-1,38,23,15
"TOR","2019-11-16","2019020308","20192020","PIT","0",54.05,6,1,35,32,0,2,0,0,2,34,16,18
"TOR","2019-11-19","2019020329","20192020","VGK","0",53.25,4,7,27,29,2,1,0,0,-1,33,26,7
"TOR","2019-11-21","2019020343","20192020","ARI","0",53.92,4,2,16,27,2,0,0,0,-2,35,22,13
"TOR","2019-11-23","2019020357","20192020","COL","0",49.03,7,10,16,16,3,1,0,0,-2,21,29,-8
"TOR","2019-11-27","2019020379","20192020","DET","0",58.63,10,3,14,23,0,1,0,0,1,30,24,6
"TOR","2019-11-29","2019020392","20192020","BUF","0",46.82,6,3,7,4,2,3,0,0,1,20,27,-7
"TOR","2019-11-30","2019020405","20192020","BUF","1",55.98,10,6,24,30,1,0,0,0,-1,28,20,8
"TOR","2019-12-03","2019020428","20192020","PHI","0",50.85,7,3,12,19,3,1,0,0,-2,14,27,-13
"TOR","2019-12-04","2019020434","20192020","COL","1",51.22,15,11,16,23,3,1,0,0,-2,29,18,11
"TOR","2019-12-07","2019020459","20192020","STL","0",49.23,6,7,8,24,4,1,1,1,-3,20,23,-3
"TOR","2019-12-10","2019020481","20192020","VAN","0",52.58,4,4,8,15,2,1,0,0,-1,24,20,4
"TOR","2019-12-12","2019020494","20192020","CGY","0",48.37,13,11,11,21,1,2,0,0,1,18,23,-5
"TOR","2019-12-14","2019020511","20192020","EDM","0",56.18,13,10,20,29,2,0,0,0,-2,25,26,-1
"TOR","2019-12-17","2019020525","20192020","BUF","1",53.18,12,12,15,25,2,1,0,0,-1,25,15,10
"TOR","2019-12-20","2019020550","20192020","NYR","0",48.83,13,9,13,20,3,1,0,0,-2,22,20,2
"TOR","2019-12-21","2019020556","20192020","DET","1",54.22,11,12,13,25,4,4,1,1,0,21,18,3
"TOR","2019-12-23","2019020569","20192020","CAR","1",47.7,10,12,4,16,3,4,0,0,1,22,23,-1
"TOR","2019-12-27","2019020583","20192020","N.J","0",52.48,4,8,8,23,2,3,0,0,1,22,24,-2
"TOR","2019-12-28","2019020593","20192020","NYR","1",54.15,7,11,11,29,4,4,0,0,0,41,21,20
"TOR","2019-12-31","2019020616","20192020","MIN","0",47.77,4,8,7,11,2,3,0,0,1,25,28,-3
"TOR","2020-01-02","2019020633","20192020","WPG","0",51.28,13,5,10,22,2,4,0,0,2,22,26,-4
"TOR","2020-01-04","2019020646","20192020","NYI","1",57.52,18,13,17,24,1,0,0,0,-1,23,18,5
"TOR","2020-01-06","2019020659","20192020","EDM","1",45.85,11,5,17,33,5,2,0,0,-3,30,17,13
"TOR","2020-01-08","2019020675","20192020","WPG","1",52.75,11,13,8,22,1,2,0,0,1,11,15,-4
"TOR","2020-01-12","2019020707","20192020","FLA","0",52.2,9,5,6,18,2,3,0,0,1,33,27,6
"TOR","2020-01-14","2019020715","20192020","N.J","1",46.52,14,10,15,19,4,4,0,0,0,30,17,13
"TOR","2020-01-16","2019020728","20192020","CGY","1",53.77,14,11,18,20,1,3,0,0,2,20,17,3
"TOR","2020-01-18","2019020747","20192020","CHI","1",55.45,12,9,14,32,1,2,0,0,1,24,18,6
"TOR","2020-01-27","2019020770","20192020","NSH","0",55.63,3,5,18,19,1,0,0,0,-1,22,20,2
"TOR","2020-01-29","2019020777","20192020","DAL","0",51.65,12,5,18,30,3,1,0,0,-2,23,19,4
"TOR","2020-02-01","2019020795","20192020","OTT","1",54.32,15,10,21,29,2,3,0,0,1,20,14,6
"TOR","2020-02-03","2019020809","20192020","FLA","1",50.87,15,8,9,29,2,1,0,0,-1,23,18,5
"TOR","2020-02-05","2019020825","20192020","NYR","0",51.72,14,3,10,29,2,1,0,0,-1,28,28,0
"TOR","2020-02-07","2019020839","20192020","ANA","1",52.48,10,10,19,33,4,5,0,0,1,26,20,6
"TOR","2020-02-08","2019020845","20192020","MTL","0",53.52,15,7,19,35,1,1,0,0,0,18,21,-3
"TOR","2020-02-11","2019020867","20192020","ARI","1",51.72,16,7,12,18,3,3,0,0,0,24,19,5
"TOR","2020-02-13","2019020881","20192020","DAL","1",50.55,9,6,12,27,3,0,0,0,-3,16,16,0
"TOR","2020-02-15","2019020901","20192020","OTT","0",50.23,8,5,26,39,4,1,0,0,-3,16,16,0
"TOR","2020-02-16","2019020913","20192020","BUF","0",53.1,7,1,12,16,3,1,0,0,-2,19,25,-6
"TOR","2020-02-18","2019020921","20192020","PIT","0",50.77,5,2,25,25,3,3,0,0,0,27,22,5
"TOR","2020-02-20","2019020933","20192020","PIT","1",53.87,13,3,18,21,1,1,1,1,0,28,18,10
"TOR","2020-02-22","2019020951","20192020","CAR","1",44.83,14,7,14,15,5,4,1,1,-1,22,24,-2
"TOR","2020-02-25","2019020970","20192020","T.B","0",45.63,3,6,18,27,1,4,0,0,3,11,17,-6
"TOR","2020-02-27","2019020987","20192020","FLA","0",54.4,16,4,16,18,1,0,1,1,-1,17,20,-3
"TOR","2020-02-29","2019021003","20192020","VAN","1",48.75,16,6,7,19,2,2,0,0,0,26,21,5
"TOR","2020-03-03","2019021028","20192020","S.J","0",48.98,10,5,17,18,2,3,0,0,1,25,20,5
"TOR","2020-03-05","2019021041","20192020","L.A","0",52.77,5,4,14,17,2,3,0,0,1,17,22,-5
"TOR","2020-03-06","2019021048","20192020","ANA","0",47.12,10,4,18,18,1,1,1,1,0,17,24,-7
"TOR","2020-03-10","2019021070","20192020","T.B","1",44,12,12,16,22,4,5,0,0,1,15,12,3
"TOR","Total","-","20192020","-","-",50.69,709,463,1118,1654,174,155,6,6,-19,1670,1480,190
